1548651783 2
1548651783 2
1548651783 2
1548651783 2
1548651783 2
1548651783 2
1548651783 2
1548651783 2
1548651783 2
1548651783 2
1548651783 2
1548651783 2
1548651783 2
1548651783 2
1548651784 2
1548651784 2
1548651784 2
1548651784 2
1548651784 2
1548651784 3
1548651784 2
1548651784 2
1548651784 2
1548651784 2
1548651784 2
1548651784 2
1548651784 2
1548651784 2
1548651784 2
1548651784 2
1548651784 1
1548651785 2
1548651785 2
1548651785 2
1548651785 2
1548651785 2
1548651785 2
1548651785 2
1548651785 2
1548651785 2
1548651785 2
1548651785 2
1548651785 2
1548651785 3
1548651785 2
1548651785 2
1548651785 2
1548651785 2
1548651786 2
1548651786 2
1548651786 2
1548651786 2
1548651786 2
1548651786 2
1548651786 2
1548651786 2
1548651786 2
1548651786 2
1548651786 2
1548651786 2
1548651786 2
1548651786 2
1548651786 2
1548651786 2
1548651786 2
1548651787 2
1548651787 2
1548651787 2
1548651787 2
1548651787 2
1548651787 2
1548651787 2
1548651787 2
1548651787 2
1548651787 2
1548651787 2
1548651787 2
1548651787 2
1548651787 2
1548651787 2
1548651787 2
1548651787 2
1548651788 2
1548651788 2
1548651788 2
1548651788 2
1548651788 2
1548651788 2
1548651788 2
1548651788 2
1548651788 2
1548651788 1
1548651788 2
1548651788 2
1548651788 1
1548651788 2
1548651788 1
1548651788 2
1548651789 2
1548651789 3
1548651789 2
1548651789 2
1548651789 2
1548651789 2
1548651789 2
1548651789 1
1548651789 2
1548651789 2
1548651789 2
1548651789 2
1548651789 3
1548651789 2
1548651789 2
1548651789 2
1548651789 2
1548651790 2
1548651790 2
1548651790 2
1548651790 2
1548651790 2
1548651790 2
1548651790 2
1548651790 2
1548651790 2
1548651790 2
1548651790 2
1548651790 2
1548651790 2
1548651790 2
1548651790 2
1548651791 2
1548651791 2
1548651791 2
1548651791 2
1548651791 2
1548651791 2
1548651791 2
1548651791 2
1548651791 2
1548651791 2
1548651791 2
1548651791 2
1548651791 2
1548651791 2
1548651791 1
1548651791 2
1548651792 2
1548651792 2
1548651792 2
1548651792 2
1548651792 2
1548651792 2
1548651792 2
1548651792 2
1548651792 2
1548651792 2
1548651792 2
1548651792 2
1548651792 2
1548651792 2
1548651792 2
1548651792 2
1548651793 2
1548651793 2
1548651793 2
1548651793 2
1548651793 2
1548651793 2
1548651793 0
1548651793 2
1548651793 2
1548651793 2
1548651793 2
1548651793 2
1548651793 2
1548651793 2
1548651793 2
1548651793 2
1548651794 2
1548651794 2
1548651794 1
1548651794 2
1548651794 2
1548651794 2
1548651794 2
1548651794 2
1548651794 2
1548651794 2
1548651794 2
1548651794 2
1548651794 2
1548651794 2
1548651794 2
1548651794 2
1548651795 2
1548651795 2
1548651795 2
1548651795 2
1548651795 2
1548651795 2
1548651795 2
1548651795 2
1548651795 2
1548651795 2
1548651795 2
1548651795 2
1548651795 2
1548651795 2
1548651795 2
1548651795 2
1548651796 2
1548651796 2
1548651796 2
1548651796 2
1548651796 2
1548651796 2
1548651796 2
1548651796 2
1548651796 2
1548651796 2
1548651796 2
1548651796 2
1548651796 2
1548651796 2
1548651796 2
1548651796 2
1548651797 2
1548651797 3
1548651797 2
1548651797 2
1548651797 2
1548651797 2
1548651797 2
1548651797 2
1548651797 2
1548651797 2
1548651797 2
1548651797 1
1548651797 2
1548651797 2
1548651797 2
1548651797 2
1548651798 2
1548651798 2
1548651798 2
1548651798 2
1548651798 2
1548651798 2
1548651798 2
1548651798 2
1548651798 2
1548651798 2
1548651798 2
1548651798 2
1548651798 2
1548651798 2
1548651798 1
1548651799 2
1548651799 0
1548651799 3
1548651799 2
1548651799 2
1548651799 2
1548651799 2
1548651799 2
1548651799 2
1548651799 2
1548651799 2
1548651799 2
1548651799 0
1548651799 2
1548651799 2
1548651799 2
1548651800 2
1548651800 2
1548651800 2
1548651800 2
1548651800 2
1548651800 2
1548651800 2
1548651800 2
1548651800 2
1548651800 2
1548651800 2
1548651800 3
1548651800 2
1548651800 2
1548651800 2
1548651800 2
1548651801 2
1548651801 2
1548651801 2
1548651801 2
1548651801 2
1548651801 2
1548651801 1
1548651801 2
1548651801 2
1548651801 0
1548651801 2
1548651801 2
1548651801 2
1548651801 2
1548651801 2
1548651801 2
1548651802 2
1548651802 2
1548651802 2
1548651802 2
1548651802 2
1548651802 2
1548651802 2
1548651802 2
1548651802 2
1548651802 2
1548651802 2
1548651802 2
1548651802 2
1548651802 0
1548651802 2
1548651803 2
1548651803 2
1548651803 2
1548651803 2
1548651803 2
1548651803 2
1548651803 2
1548651803 2
1548651803 2
1548651803 3
1548651803 2
1548651803 2
1548651803 2
1548651803 2
1548651803 2
1548651803 2
1548651804 3
1548651804 2
1548651804 2
1548651804 2
1548651804 2
1548651804 2
1548651804 3
1548651804 2
1548651804 2
1548651804 2
1548651804 2
1548651804 2
1548651804 2
1548651804 2
1548651804 2
1548651805 2
1548651805 1
1548651805 2
1548651805 2
1548651805 2
1548651805 2
1548651805 2
1548651805 2
1548651805 2
1548651805 2
1548651805 2
1548651805 2
1548651805 2
1548651805 2
1548651805 3
1548651806 2
1548651806 2
1548651806 2
1548651806 2
1548651806 2
1548651806 2
1548651806 2
1548651806 2
1548651806 2
1548651806 2
1548651806 2
1548651806 2
1548651806 2
1548651806 2
1548651806 2
1548651806 2
1548651807 2
1548651807 2
1548651807 2
1548651807 2
1548651807 2
1548651807 2
1548651807 2
1548651807 0
1548651807 2
1548651807 2
1548651807 2
1548651807 1
1548651807 2
1548651807 2
1548651807 2
1548651808 2
1548651808 2
1548651808 2
1548651808 2
1548651808 2
1548651808 2
1548651808 2
1548651808 2
1548651808 2
1548651808 2
1548651808 2
1548651808 2
1548651808 2
1548651808 2
1548651808 2
1548651809 2
1548651809 2
1548651809 2
1548651809 2
1548651809 2
1548651809 2
1548651809 2
1548651809 0
1548651809 2
1548651809 2
1548651809 2
1548651809 2
1548651809 2
1548651809 2
1548651809 2
1548651810 2
1548651810 2
1548651810 2
1548651810 2
1548651810 2
1548651810 2
1548651810 2
1548651810 2
1548651810 2
1548651810 2
1548651810 2
1548651810 2
1548651810 2
1548651810 2
1548651810 2
1548651811 2
1548651811 2
1548651811 2
1548651811 1
1548651811 1
1548651811 2
1548651811 2
1548651811 2
1548651811 2
1548651811 2
1548651811 2
1548651811 2
1548651811 2
1548651811 2
1548651811 2
1548651812 0
1548651812 2
1548651812 1
1548651812 2
1548651812 2
1548651812 1
1548651812 1
1548651812 2
1548651812 3
1548651812 2
1548651812 1
1548651812 2
1548651812 2
1548651812 2
1548651812 2
1548651813 2
1548651813 2
1548651813 2
1548651813 2
1548651813 2
1548651813 3
1548651813 2
1548651813 3
1548651813 2
1548651813 2
1548651813 2
1548651813 2
1548651813 2
1548651813 2
1548651813 2
1548651814 2
1548651814 1
1548651814 2
1548651814 3
1548651814 2
1548651814 2
1548651814 2
1548651814 2
1548651814 2
1548651814 2
1548651814 2
1548651814 2
1548651814 2
1548651814 2
1548651815 2
1548651815 2
1548651815 2
1548651815 2
1548651815 2
1548651815 2
1548651815 2
1548651815 2
1548651815 2
1548651815 2
1548651815 2
1548651815 3
1548651815 2
1548651815 2
1548651816 2
1548651816 2
1548651816 2
1548651816 2
1548651816 2
1548651816 2
1548651816 2
1548651816 2
1548651816 2
1548651816 2
1548651816 2
1548651816 2
1548651816 2
1548651816 2
1548651817 2
1548651817 2
1548651817 2
1548651817 2
1548651817 2
1548651817 2
1548651817 2
1548651817 2
1548651817 2
1548651817 2
1548651817 2
1548651817 2
1548651817 2
1548651817 2
1548651817 2
1548651818 2
1548651818 2
1548651818 2
1548651818 2
1548651818 2
1548651818 2
1548651818 2
1548651818 2
1548651818 2
1548651818 2
1548651818 2
1548651818 2
1548651818 2
1548651818 2
1548651819 2
1548651819 2
1548651819 3
1548651819 2
1548651819 2
1548651819 2
1548651819 2
1548651819 0
1548651819 3
1548651819 2
1548651819 2
1548651819 2
1548651819 2
1548651819 2
1548651820 2
1548651820 2
1548651820 2
1548651820 2
1548651820 2
1548651820 0
1548651820 2
1548651820 2
1548651820 2
1548651820 2
1548651820 2
1548651820 2
1548651820 2
1548651820 2
1548651821 3
1548651821 2
1548651821 2
1548651821 2
1548651821 2
1548651821 2
1548651821 2
1548651821 2
1548651821 1
1548651821 1
1548651821 2
1548651821 2
1548651821 2
1548651821 2
1548651822 2
1548651822 3
1548651822 2
1548651822 2
1548651822 2
1548651822 2
1548651822 2
1548651822 3
1548651822 2
1548651822 2
1548651822 2
1548651822 2
1548651822 2
1548651822 2
1548651823 2
1548651823 3
1548651823 2
1548651823 3
1548651823 2
1548651823 2
1548651823 2
1548651823 2
1548651823 2
1548651823 2
1548651823 2
1548651823 2
1548651823 2
1548651823 2
1548651824 2
1548651824 2
1548651824 2
1548651824 2
1548651824 2
1548651824 2
1548651824 2
1548651824 2
1548651824 2
1548651824 2
1548651824 2
1548651824 2
1548651824 2
1548651824 2
1548651825 2
1548651825 0
1548651825 2
1548651825 2
1548651825 2
1548651825 2
1548651825 2
1548651825 2
1548651825 2
1548651825 2
1548651825 2
1548651825 2
1548651825 2
1548651825 2
1548651826 2
1548651826 2
1548651826 2
1548651826 2
1548651826 2
1548651826 1
1548651826 2
1548651826 2
1548651826 2
1548651826 2
1548651826 2
1548651826 2
1548651826 2
1548651826 2
1548651827 2
1548651827 2
1548651827 2
1548651827 2
1548651827 2
1548651827 2
1548651827 2
1548651827 2
1548651827 2
1548651827 2
1548651827 3
1548651827 2
1548651827 2
1548651827 2
1548651828 2
1548651828 2
1548651828 2
1548651828 2
1548651828 2
1548651828 2
1548651828 2
1548651828 2
1548651828 2
1548651828 2
1548651828 2
1548651828 2
1548651828 2
1548651828 2
1548651829 2
1548651829 2
1548651829 2
1548651829 2
1548651829 2
1548651829 3
1548651829 2
1548651829 2
1548651829 2
1548651829 2
1548651829 2
1548651829 2
1548651829 2
1548651829 2
1548651830 2
1548651830 2
1548651830 2
1548651830 2
1548651830 3
1548651830 2
1548651830 2
1548651830 2
1548651830 2
1548651830 2
1548651830 2
1548651830 2
1548651830 2
1548651831 2
1548651831 1
1548651831 3
1548651831 2
1548651831 0
1548651831 2
1548651831 2
1548651831 1
1548651831 2
1548651831 2
1548651831 1
1548651831 2
1548651832 3
1548651832 2
1548651832 1
1548651832 1
1548651832 1
1548651832 1
1548651832 2
1548651832 2
1548651832 1
1548651832 2
1548651832 1
1548651832 1
1548651832 0
1548651832 2
1548651833 2
1548651833 1
1548651833 1
1548651833 2
1548651833 1
1548651833 1
1548651833 1
1548651833 2
1548651833 1
1548651833 2
1548651833 1
1548651833 1
1548651833 3
1548651833 3
1548651834 2
1548651834 2
1548651834 2
1548651834 2
1548651834 2
1548651834 2
1548651834 2
1548651834 2
1548651834 2
1548651834 0
1548651834 2
1548651834 2
1548651834 2
1548651834 2
1548651835 2
1548651835 2
1548651835 2
1548651835 2
1548651835 3
1548651835 2
1548651835 2
1548651835 2
1548651835 2
1548651835 1
1548651835 2
1548651835 2
1548651835 2
1548651835 2
1548651836 2
1548651836 2
1548651836 2
1548651836 2
1548651836 2
1548651836 2
1548651836 2
1548651836 2
1548651836 2
1548651836 2
1548651836 2
1548651836 2
1548651836 2
1548651836 1
1548651837 2
1548651837 2
1548651837 2
1548651837 2
1548651837 2
1548651837 2
1548651837 3
1548651837 2
1548651837 2
1548651837 2
1548651837 2
1548651837 2
1548651837 2
1548651837 2
1548651838 2
1548651838 2
1548651838 2
1548651838 2
1548651838 2
1548651838 2
1548651838 2
1548651838 2
1548651838 2
1548651838 2
1548651838 2
1548651838 2
1548651838 2
1548651838 2
1548651839 2
1548651839 2
1548651839 1
1548651839 2
1548651839 2
1548651839 2
1548651839 2
1548651839 2
1548651839 2
1548651839 2
1548651839 2
1548651839 2
1548651839 2
1548651840 2
1548651840 2
1548651840 2
1548651840 2
1548651840 2
1548651840 2
1548651840 2
1548651840 2
1548651840 2
1548651840 2
1548651840 2
1548651840 2
1548651840 2
1548651840 2
1548651841 0
1548651841 2
1548651841 2
1548651841 2
1548651841 2
1548651841 2
1548651841 2
1548651841 2
1548651841 2
1548651841 2
1548651841 2
1548651841 2
1548651841 2
1548651841 2
1548651842 2
1548651842 2
1548651842 2
1548651842 2
1548651842 2
1548651842 2
1548651842 2
1548651842 2
1548651842 2
1548651842 2
1548651842 2
1548651842 0
1548651842 2
1548651843 1
1548651843 2
1548651843 2
1548651843 2
1548651843 1
1548651843 2
1548651843 2
1548651843 2
1548651843 1
1548651843 2
1548651843 2
1548651843 2
1548651843 2
1548651844 2
1548651844 2
1548651844 2
1548651844 2
1548651844 2
1548651844 2
1548651844 2
1548651844 2
1548651844 2
1548651844 2
1548651844 2
1548651844 1
1548651844 2
1548651844 2
1548651845 2
1548651845 2
1548651845 2
1548651845 1
1548651845 2
1548651845 3
1548651845 2
1548651845 2
1548651845 2
1548651845 2
1548651845 2
1548651845 2
1548651845 2
1548651846 2
1548651846 2
1548651846 2
1548651846 2
1548651846 2
1548651846 1
1548651846 2
1548651846 2
1548651846 2
1548651846 2
1548651846 2
1548651846 2
1548651846 2
1548651846 2
1548651847 2
1548651847 2
1548651847 2
1548651847 2
1548651847 2
1548651847 2
1548651847 2
1548651847 2
1548651847 2
1548651847 0
1548651847 2
1548651847 2
1548651847 2
1548651848 2
1548651848 2
1548651848 2
1548651848 1
1548651848 2
1548651848 2
1548651848 2
1548651848 2
1548651848 2
1548651848 2
1548651848 2
1548651848 2
1548651848 0
1548651849 2
1548651849 0
1548651849 2
1548651849 2
1548651849 2
1548651849 2
1548651849 2
1548651849 2
1548651849 2
1548651849 0
1548651849 0
1548651849 2
1548651849 2
1548651850 2
1548651850 2
1548651850 2
1548651850 2
1548651850 1
1548651850 2
1548651850 0
1548651850 0
1548651850 2
1548651850 2
1548651850 2
1548651850 0
1548651850 2
1548651851 0
1548651851 2
1548651851 2
1548651851 0
1548651851 2
1548651851 2
1548651851 2
1548651851 0
1548651851 2
1548651851 0
1548651851 2
1548651851 0
1548651851 3
1548651852 2
1548651852 2
1548651852 2
1548651852 2
1548651852 0
1548651852 3
1548651852 2
1548651852 2
1548651852 2
1548651852 1
1548651852 2
1548651852 2
1548651853 0
1548651853 2
1548651853 0
1548651853 2
1548651853 2
1548651853 0
1548651853 2
1548651853 2
1548651853 2
1548651853 2
1548651853 0
1548651853 2
1548651853 0
1548651854 2
1548651854 0
1548651854 2
1548651854 2
1548651854 2
1548651854 0
1548651854 2
1548651854 2
1548651854 0
1548651854 2
1548651854 2
1548651854 0
1548651854 2
1548651855 2
1548651855 2
1548651855 2
1548651855 2
1548651855 1
1548651855 2
1548651855 2
1548651855 2
1548651855 2
1548651855 0
1548651855 2
1548651855 2
1548651855 2
1548651855 2
1548651856 2
1548651856 2
1548651856 2
1548651856 0
1548651856 2
1548651856 2
1548651856 2
1548651856 0
1548651856 2
1548651856 2
1548651856 2
1548651856 0
1548651856 2
1548651857 2
1548651857 2
1548651857 2
1548651857 2
1548651857 0
1548651857 1
1548651857 2
1548651857 2
1548651857 2
1548651857 2
1548651857 2
1548651857 2
1548651857 2
1548651858 2
1548651858 2
1548651858 2
1548651858 2
1548651858 2
1548651858 2
1548651858 2
1548651858 2
1548651858 2
1548651858 2
1548651858 2
1548651858 2
1548651858 2
1548651859 2
1548651859 2
1548651859 2
1548651859 2
1548651859 2
1548651859 2
1548651859 2
1548651859 2
1548651859 2
1548651859 2
1548651859 2
1548651859 2
1548651859 2
1548651860 2
1548651860 2
1548651860 2
1548651860 2
1548651860 2
1548651860 2
1548651860 2
1548651860 2
1548651860 2
1548651860 3
1548651860 2
1548651860 2
1548651860 2
1548651861 2
1548651861 3
1548651861 2
1548651861 2
1548651861 2
1548651861 2
1548651861 2
1548651861 2
1548651861 2
1548651861 2
1548651861 2
1548651861 2
1548651861 2
1548651862 2
1548651862 2
1548651862 0
1548651862 2
1548651862 2
1548651862 1
1548651862 2
1548651862 1
1548651862 1
1548651862 2
1548651862 2
1548651862 2
1548651862 2
1548651863 2
1548651863 2
1548651863 0
1548651863 2
1548651863 2
1548651863 2
1548651863 2
1548651863 2
1548651863 2
1548651863 2
1548651863 2
1548651863 2
1548651863 2
1548651863 2
1548651864 0
1548651864 2
1548651864 0
1548651864 2
1548651864 2
1548651864 2
1548651864 0
1548651864 0
1548651864 0
1548651864 0
1548651864 2
1548651864 0
1548651864 2
1548651865 2
1548651865 2
1548651865 2
1548651865 2
1548651865 0
1548651865 2
1548651865 0
1548651865 2
1548651865 0
1548651865 0
1548651865 2
1548651865 2
1548651865 2
1548651866 0
1548651866 2
1548651866 2
1548651866 2
1548651866 2
1548651866 2
1548651866 2
1548651866 2
1548651866 2
1548651866 2
1548651866 2
1548651866 2
1548651866 0
1548651867 2
1548651867 2
1548651867 2
1548651867 2
1548651867 0
1548651867 2
1548651867 0
1548651867 2
1548651867 2
1548651867 2
1548651867 2
1548651867 2
1548651867 2
1548651868 2
1548651868 0
1548651868 2
1548651868 2
1548651868 2
1548651868 2
1548651868 2
1548651868 2
1548651868 2
1548651868 2
1548651868 2
1548651868 2
1548651868 2
1548651868 2
1548651869 2
1548651869 2
1548651869 2
1548651869 2
1548651869 2
1548651869 2
1548651869 0
1548651869 2
1548651869 2
1548651869 2
1548651869 2
1548651869 2
1548651869 2
1548651870 2
1548651870 2
1548651870 2
1548651870 2
1548651870 2
1548651870 2
1548651870 0
1548651870 2
1548651870 2
1548651870 2
1548651870 2
1548651870 2
1548651870 2
1548651871 2
1548651871 2
1548651871 2
1548651871 0
1548651871 2
1548651871 0
1548651871 0
1548651871 0
1548651871 0
1548651871 2
1548651871 0
1548651871 2
1548651872 2
1548651872 0
1548651872 2
1548651872 2
1548651872 2
1548651872 0
1548651872 2
1548651872 2
1548651872 0
1548651872 2
1548651872 2
1548651872 2
1548651872 0
1548651873 2
1548651873 2
1548651873 2
1548651873 0
1548651873 2
1548651873 2
1548651873 2
1548651873 2
1548651873 0
1548651873 2
1548651873 2
1548651873 0
1548651873 2
1548651874 2
1548651874 2
1548651874 0
1548651874 2
1548651874 2
1548651874 0
1548651874 0
1548651874 2
1548651874 2
1548651874 2
1548651874 0
1548651874 2
1548651874 2
1548651875 0
1548651875 2
1548651875 1
1548651875 2
1548651875 2
1548651875 2
1548651875 2
1548651875 2
1548651875 2
1548651875 2
1548651875 2
1548651875 2
1548651875 2
1548651876 2
1548651876 2
1548651876 2
1548651876 2
1548651876 2
1548651876 0
1548651876 2
1548651876 2
1548651876 2
1548651876 2
1548651876 2
1548651876 2
1548651876 2
1548651877 2
1548651877 2
1548651877 2
1548651877 2
1548651877 2
1548651877 2
1548651877 3
1548651877 2
1548651877 3
1548651877 2
1548651877 2
1548651877 2
1548651877 2
1548651878 2
1548651878 2
1548651878 2
1548651878 2
1548651878 2
1548651878 1
1548651878 2
1548651878 2
1548651878 2
1548651878 0
1548651878 2
1548651878 2
1548651878 2
1548651879 2
1548651879 2
1548651879 2
1548651879 2
1548651879 2
1548651879 2
1548651879 2
1548651879 2
1548651879 2
1548651879 2
1548651879 0
1548651879 2
1548651879 0
1548651880 2
1548651880 2
1548651880 2
1548651880 2
1548651880 0
1548651880 2
1548651880 0
1548651880 2
1548651880 0
1548651880 2
1548651880 2
1548651880 2
1548651880 2
1548651881 2
1548651881 2
1548651881 2
1548651881 2
1548651881 2
1548651881 2
1548651881 2
1548651881 2
1548651881 2
1548651881 2
1548651881 2
1548651881 2
1548651882 3
1548651882 2
1548651882 2
1548651882 2
1548651882 2
1548651882 2
1548651882 2
1548651882 2
1548651882 2
1548651882 2
1548651882 2
1548651882 2
1548651882 2
1548651883 2
1548651883 2
1548651883 2
1548651883 2
1548651883 2
1548651883 2
1548651883 0
1548651883 2
1548651883 2
1548651883 2
1548651883 2
1548651883 2
1548651883 2
1548651884 2
1548651884 2
1548651884 2
1548651884 2
1548651884 2
1548651884 2
1548651884 2
1548651884 2
1548651884 0
1548651884 0
1548651884 0
1548651884 0
1548651884 0
1548651885 0
1548651885 0
1548651885 2
1548651885 2
1548651885 0
1548651885 2
1548651885 2
1548651885 0
1548651885 2
1548651885 2
1548651885 0
1548651885 2
1548651886 0
1548651886 2
1548651886 0
1548651886 3
1548651886 2
1548651886 1
1548651886 2
1548651886 2
1548651886 2
1548651886 0
1548651886 0
1548651886 2
1548651886 2
1548651886 0
1548651887 2
1548651887 0
1548651887 2
1548651887 2
1548651887 0
1548651887 2
1548651887 0
1548651887 2
1548651887 3
1548651887 2
1548651887 0
1548651887 2
1548651888 2
1548651888 2
1548651888 0
1548651888 2
1548651888 2
1548651888 0
1548651888 2
1548651888 0
1548651888 2
1548651888 2
1548651888 2
1548651888 2
1548651888 2
1548651889 2
1548651889 0
1548651889 2
1548651889 2
1548651889 0
1548651889 0
1548651889 2
1548651889 0
1548651889 2
1548651889 2
1548651889 0
1548651889 3
1548651890 2
1548651890 2
1548651890 1
1548651890 2
1548651890 2
1548651890 2
1548651890 2
1548651890 2
1548651890 2
1548651890 0
1548651890 2
1548651890 0
1548651890 2
1548651891 0
1548651891 2
1548651891 0
1548651891 2
1548651891 0
1548651891 2
1548651891 0
1548651891 2
1548651891 0
1548651891 2
1548651891 2
1548651891 2
1548651892 2
1548651892 3
1548651892 2
1548651892 0
1548651892 2
1548651892 2
1548651892 0
1548651892 2
1548651892 2
1548651892 2
1548651892 2
1548651892 0
1548651893 2
1548651893 2
1548651893 0
1548651893 2
1548651893 2
1548651893 0
1548651893 2
1548651893 2
1548651893 0
1548651893 2
1548651893 1
1548651893 2
1548651893 2
1548651894 0
1548651894 2
1548651894 2
1548651894 2
1548651894 2
1548651894 0
1548651894 2
1548651894 2
1548651894 0
1548651894 2
1548651894 0
1548651894 1
1548651895 2
1548651895 2
1548651895 2
1548651895 0
1548651895 2
1548651895 2
1548651895 2
1548651895 2
1548651895 2
1548651895 0
1548651895 2
1548651895 2
1548651896 2
1548651896 0
1548651896 2
1548651896 0
1548651896 2
1548651896 0
1548651896 2
1548651896 2
1548651896 2
1548651896 2
1548651896 0
1548651896 2
1548651896 0
1548651897 2
1548651897 2
1548651897 0
1548651897 2
1548651897 2
1548651897 2
1548651897 2
1548651897 0
1548651897 2
1548651897 2
1548651897 2
1548651897 0
1548651898 2
1548651898 0
1548651898 2
1548651898 2
1548651898 1
1548651898 0
1548651898 2
1548651898 0
1548651898 2
1548651898 2
1548651898 0
1548651898 2
1548651898 2
1548651899 0
1548651899 2
1548651899 3
1548651899 2
1548651899 1
1548651899 2
1548651899 2
1548651899 2
1548651899 3
1548651899 2
1548651899 2
1548651899 2
1548651900 1
1548651900 2
1548651900 2
1548651900 2
1548651900 2
1548651900 0
1548651900 2
1548651900 0
1548651900 2
1548651900 0
1548651900 2
1548651900 2
1548651901 2
1548651901 0
1548651901 2
1548651901 0
1548651901 2
1548651901 0
1548651901 2
1548651901 0
1548651901 2
1548651901 2
1548651901 2
1548651901 2
1548651901 0
1548651902 2
1548651902 2
1548651902 2
1548651902 1
1548651902 2
1548651902 2
1548651902 2
1548651902 2
1548651902 2
1548651902 0
1548651902 0
1548651903 2
1548651903 2
1548651903 2
1548651903 2
1548651903 2
1548651903 2
1548651903 2
1548651903 2
1548651903 2
1548651903 2
1548651903 2
1548651903 2
1548651903 2
1548651904 0
1548651904 3
1548651904 2
1548651904 2
1548651904 2
1548651904 2
1548651904 2
1548651904 0
1548651904 0
1548651904 2
1548651904 2
1548651904 0
1548651905 0
1548651905 2
1548651905 2
1548651905 2
1548651905 2
1548651905 0
1548651905 2
1548651905 2
1548651905 2
1548651905 2
1548651905 0
1548651905 2
1548651905 2
1548651906 2
1548651906 0
1548651906 2
1548651906 0
1548651906 2
1548651906 2
1548651906 2
1548651906 2
1548651906 2
1548651906 2
1548651906 0
1548651906 2
1548651907 2
1548651907 2
1548651907 2
1548651907 0
1548651907 2
1548651907 2
1548651907 2
1548651907 2
1548651907 2
1548651907 1
1548651907 2
1548651907 2
1548651908 3
1548651908 2
1548651908 2
1548651908 1
1548651908 2
1548651908 2
1548651908 2
1548651908 2
1548651908 2
1548651908 2
1548651908 1
1548651908 2
1548651909 2
1548651909 2
1548651909 2
1548651909 2
1548651909 0
1548651909 2
1548651909 2
1548651909 2
1548651909 2
1548651909 2
1548651909 2
1548651909 2
1548651910 2
1548651910 0
1548651910 2
1548651910 0
1548651910 2
1548651910 2
1548651910 2
1548651910 2
1548651910 3
1548651910 2
1548651910 2
1548651911 2
1548651911 2
1548651911 2
1548651911 2
1548651911 2
1548651911 2
1548651911 2
1548651911 2
1548651911 2
1548651911 2
1548651911 2
1548651912 2
1548651912 2
1548651912 2
1548651912 2
1548651912 2
1548651912 2
1548651912 2
1548651912 2
1548651912 2
1548651912 2
1548651912 0
1548651912 2
1548651913 2
1548651913 0
1548651913 2
1548651913 2
1548651913 2
1548651913 2
1548651913 0
1548651913 2
1548651913 0
1548651913 2
1548651913 2
1548651914 0
1548651914 2
1548651914 2
1548651914 2
1548651914 2
1548651914 2
1548651914 1
1548651914 2
1548651914 2
1548651914 2
1548651914 1
1548651914 2
1548651915 2
1548651915 2
1548651915 2
1548651915 2
1548651915 2
1548651915 2
1548651915 3
1548651915 2
1548651915 2
1548651915 2
1548651915 2
1548651915 2
1548651916 2
1548651916 2
1548651916 1
1548651916 2
1548651916 2
1548651916 2
1548651916 2
1548651916 2
1548651916 2
1548651916 2
1548651916 2
1548651916 2
1548651917 2
1548651917 2
1548651917 2
1548651917 2
1548651917 2
1548651917 1
1548651917 2
1548651917 1
1548651917 2
1548651917 2
1548651917 2
1548651917 1
1548651918 2
1548651918 2
1548651918 2
1548651918 1
1548651918 2
1548651918 2
1548651918 0
1548651918 0
1548651918 2
1548651918 2
1548651918 0
1548651918 0
1548651919 0
1548651919 0
1548651919 0
1548651919 0
1548651919 2
1548651919 0
1548651919 0
1548651919 2
1548651919 0
1548651919 0
1548651919 0
1548651919 2
1548651920 1
1548651920 0
1548651920 2
1548651920 0
1548651920 0
1548651920 0
1548651920 2
1548651920 0
1548651920 0
1548651920 0
1548651920 0
1548651920 0
1548651920 0
1548651921 0
1548651921 3
1548651921 0
1548651921 3
1548651921 0
1548651921 0
1548651921 0
1548651921 2
1548651921 0
1548651921 0
1548651921 0
1548651921 2
1548651922 0
1548651922 0
1548651922 2
1548651922 0
1548651922 3
1548651922 0
1548651922 1
1548651922 2
1548651922 3
1548651922 0
1548651922 0
1548651922 0
1548651923 0
1548651923 2
1548651923 0
1548651923 1
1548651923 2
1548651923 1
1548651923 2
1548651923 1
1548651923 2
1548651923 2
1548651923 2
1548651923 2
1548651924 2
1548651924 2
1548651924 2
1548651924 2
1548651924 2
1548651924 2
1548651924 2
1548651924 2
1548651924 0
1548651924 2
1548651924 2
1548651924 2
1548651925 2
1548651925 2
1548651925 2
1548651925 2
1548651925 2
1548651925 3
1548651925 2
1548651925 3
1548651925 2
1548651925 1
1548651925 2
1548651925 2
1548651926 2
1548651926 2
1548651926 2
1548651926 2
1548651926 2
1548651926 2
1548651926 2
1548651926 2
1548651926 2
1548651926 2
1548651926 2
1548651926 2
1548651927 2
1548651927 0
1548651927 2
1548651927 0
1548651927 2
1548651927 2
1548651927 0
1548651927 2
1548651927 0
1548651927 0
1548651927 2
1548651927 0
1548651928 2
1548651928 0
1548651928 2
1548651928 3
1548651928 2
1548651928 0
1548651928 0
1548651928 2
1548651928 0
1548651928 2
1548651928 2
1548651928 0
1548651929 3
1548651929 2
1548651929 2
1548651929 2
1548651929 0
1548651929 2
1548651929 0
1548651929 0
1548651929 2
1548651929 2
1548651929 2
1548651929 2
1548651930 2
1548651930 0
1548651930 2
1548651930 2
1548651930 2
1548651930 0
1548651930 2
1548651930 2
1548651930 0
1548651930 2
1548651930 0
1548651930 2
1548651931 2
1548651931 2
1548651931 0
1548651931 2
1548651931 2
1548651931 2
1548651931 0
1548651931 0
1548651931 2
1548651931 0
1548651931 1
1548651931 1
1548651932 2
1548651932 1
1548651932 2
1548651932 2
1548651932 2
1548651932 2
1548651932 0
1548651932 0
1548651932 2
1548651932 0
1548651932 0
1548651932 2
1548651933 0
1548651933 2
1548651933 2
1548651933 0
1548651933 0
1548651933 0
1548651933 2
1548651933 2
1548651933 2
1548651933 0
1548651933 2
1548651933 0
1548651934 0
1548651934 2
1548651934 0
1548651934 2
1548651934 0
1548651934 0
1548651934 2
1548651934 2
1548651934 0
1548651934 0
1548651934 2
1548651934 3
1548651935 0
1548651935 2
1548651935 0
1548651935 0
1548651935 2
1548651935 0
1548651935 2
1548651935 0
1548651935 0
1548651935 0
1548651935 2
1548651936 2
1548651936 0
1548651936 0
1548651936 2
1548651936 0
1548651936 0
1548651936 2
1548651936 0
1548651936 0
1548651936 0
1548651936 2
1548651936 0
1548651937 0
1548651937 0
1548651937 0
1548651937 2
1548651937 0
1548651937 0
1548651937 2
1548651937 0
1548651937 0
1548651937 0
1548651937 2
1548651937 0
1548651938 2
1548651938 0
1548651938 2
1548651938 0
1548651938 2
1548651938 0
1548651938 0
1548651938 0
1548651938 2
1548651938 0
1548651938 0
1548651939 0
1548651939 0
1548651939 2
1548651939 2
1548651939 2
1548651939 2
1548651939 2
1548651939 2
1548651939 2
1548651939 0
1548651939 2
1548651940 0
1548651940 3
1548651940 2
1548651940 2
1548651940 2
1548651940 1
1548651940 2
1548651940 3
1548651940 2
1548651940 2
1548651940 2
1548651941 2
1548651941 2
1548651941 2
1548651941 2
1548651941 2
1548651941 2
1548651941 2
1548651941 2
1548651941 2
1548651941 2
1548651941 2
1548651941 1
1548651942 2
1548651942 0
1548651942 2
1548651942 1
1548651942 2
1548651942 2
1548651942 2
1548651942 1
1548651942 2
1548651942 1
1548651942 2
1548651943 2
1548651943 2
1548651943 0
1548651943 2
1548651943 1
1548651943 2
1548651943 1
1548651943 2
1548651943 2
1548651943 2
1548651943 1
1548651943 2
1548651944 3
1548651944 1
1548651944 2
1548651944 2
1548651944 2
1548651944 1
1548651944 2
1548651944 1
1548651944 2
1548651944 0
1548651944 0
1548651945 2
1548651945 0
1548651945 2
1548651945 3
1548651945 0
1548651945 3
1548651945 0
1548651945 0
1548651945 0
1548651945 0
1548651945 0
1548651946 0
1548651946 0
1548651946 0
1548651946 0
1548651946 0
1548651946 0
1548651946 0
1548651946 0
1548651946 1
1548651946 0
1548651946 0
1548651947 0
1548651947 0
1548651947 0
1548651947 0
1548651947 0
1548651947 0
1548651947 0
1548651947 0
1548651947 0
1548651947 2
1548651947 2
1548651948 2
1548651948 2
1548651948 2
1548651948 2
1548651948 2
1548651948 2
1548651948 0
1548651948 2
1548651948 2
1548651948 2
1548651948 2
1548651949 2
1548651949 2
1548651949 2
1548651949 0
1548651949 2
1548651949 2
1548651949 2
1548651949 2
1548651949 2
1548651949 2
1548651949 2
1548651949 0
1548651950 2
1548651950 2
1548651950 2
1548651950 0
1548651950 2
1548651950 2
1548651950 1
1548651950 2
1548651950 2
1548651950 2
1548651950 2
1548651951 2
1548651951 2
1548651951 2
1548651951 2
1548651951 2
1548651951 2
1548651951 2
1548651951 2
1548651951 2
1548651951 2
1548651951 3
1548651951 2
1548651952 2
1548651952 2
1548651952 2
1548651952 2
1548651952 2
1548651952 2
1548651952 2
1548651952 2
1548651952 1
1548651952 2
1548651952 2
1548651953 2
1548651953 2
1548651953 1
1548651953 2
1548651953 1
1548651953 1
1548651953 2
1548651953 2
1548651953 1
1548651953 2
1548651953 1
1548651953 1
1548651954 2
1548651954 1
1548651954 1
1548651954 2
1548651954 1
1548651954 2
1548651954 1
1548651954 0
1548651954 0
1548651954 0
1548651954 0
1548651955 0
1548651955 0
1548651955 0
1548651955 0
1548651955 0
1548651955 0
1548651955 0
1548651955 0
1548651955 0
1548651955 0
1548651955 0
1548651955 0
1548651956 0
1548651956 0
1548651956 0
1548651956 0
1548651956 0
1548651956 0
1548651956 0
1548651956 0
1548651956 0
1548651956 0
1548651957 0
1548651957 0
1548651957 0
1548651957 0
1548651957 0
1548651957 0
1548651957 0
1548651957 2
1548651957 0
1548651957 2
1548651957 0
1548651957 2
1548651958 2
1548651958 0
1548651958 2
1548651958 2
1548651958 0
1548651958 2
1548651958 0
1548651958 2
1548651958 2
1548651958 0
1548651958 2
1548651958 0
1548651959 2
1548651959 2
1548651959 2
1548651959 3
1548651959 0
1548651959 2
1548651959 0
1548651959 2
1548651959 0
1548651959 2
1548651959 0
1548651960 2
1548651960 0
1548651960 2
1548651960 2
1548651960 0
1548651960 2
1548651960 1
1548651960 2
1548651960 0
1548651960 2
1548651960 3
1548651960 2
1548651961 2
1548651961 0
1548651961 2
1548651961 0
1548651961 2
1548651961 0
1548651961 2
1548651961 0
1548651961 2
1548651961 2
1548651961 2
1548651962 0
1548651962 2
1548651962 2
1548651962 2
1548651962 2
1548651962 2
1548651962 2
1548651962 2
1548651962 2
1548651962 2
1548651962 0
1548651962 2
1548651963 0
1548651963 2
1548651963 2
1548651963 0
1548651963 2
1548651963 2
1548651963 3
1548651963 2
1548651963 2
1548651963 2
1548651963 0
1548651964 1
1548651964 2
1548651964 2
1548651964 2
1548651964 2
1548651964 2
1548651964 2
1548651964 0
1548651964 0
1548651964 1
1548651964 2
1548651965 2
1548651965 0
1548651965 0
1548651965 2
1548651965 2
1548651965 2
1548651965 2
1548651965 0
1548651965 2
1548651965 0
1548651965 2
1548651966 0
1548651966 2
1548651966 2
1548651966 2
1548651966 0
1548651966 2
1548651966 1
1548651966 2
1548651966 2
1548651966 0
1548651966 2
1548651967 0
1548651967 2
1548651967 0
1548651967 2
1548651967 2
1548651967 2
1548651967 0
1548651967 0
1548651967 2
1548651967 2
1548651967 0
1548651968 2
1548651968 2
1548651968 0
1548651968 2
1548651968 2
1548651968 0
1548651968 2
1548651968 2
1548651968 0
1548651968 0
1548651968 2
1548651969 0
1548651969 2
1548651969 0
1548651969 2
1548651969 0
1548651969 2
1548651969 0
1548651969 2
1548651969 2
1548651969 2
1548651969 2
1548651969 2
1548651970 0
1548651970 2
1548651970 0
1548651970 0
1548651970 2
1548651970 0
1548651970 2
1548651970 2
1548651970 0
1548651970 0
1548651970 2
1548651971 2
1548651971 0
1548651971 2
1548651971 2
1548651971 2
1548651971 2
1548651971 0
1548651971 2
1548651971 2
1548651971 0
1548651971 2
1548651972 2
1548651972 0
1548651972 2
1548651972 2
1548651972 2
1548651972 0
1548651972 2
1548651972 2
1548651972 2
1548651972 0
1548651972 2
1548651972 2
1548651973 1
1548651973 2
1548651973 2
1548651973 2
1548651973 2
1548651973 0
1548651973 2
1548651973 2
1548651973 0
1548651973 2
1548651973 0
1548651974 2
1548651974 2
1548651974 0
1548651974 2
1548651974 2
1548651974 2
1548651974 2
1548651974 2
1548651974 2
1548651974 2
1548651974 2
1548651975 2
1548651975 0
1548651975 2
1548651975 2
1548651975 2
1548651975 0
1548651975 1
1548651975 2
1548651975 2
1548651975 2
1548651975 0
1548651975 2
1548651976 2
1548651976 0
1548651976 2
1548651976 2
1548651976 2
1548651976 2
1548651976 2
1548651976 2
1548651976 2
1548651976 2
1548651976 2
1548651977 2
1548651977 2
1548651977 2
1548651977 2
1548651977 1
1548651977 2
1548651977 1
1548651977 2
1548651977 2
1548651977 2
1548651977 2
1548651978 2
1548651978 0
1548651978 0
1548651978 0
1548651978 0
1548651978 0
1548651978 0
1548651978 0
1548651978 0
1548651978 0
1548651978 0
1548651979 2
1548651979 3
1548651979 2
1548651979 2
1548651979 0
1548651979 2
1548651979 2
1548651979 0
1548651979 2
1548651979 2
1548651979 0
1548651980 2
1548651980 0
1548651980 2
1548651980 0
1548651980 2
1548651980 2
1548651980 0
1548651980 2
1548651980 0
1548651980 2
1548651980 0
1548651980 2
1548651981 3
1548651981 2
1548651981 0
1548651981 2
1548651981 2
1548651981 2
1548651981 0
1548651981 2
1548651981 0
1548651981 2
1548651981 2
1548651982 2
1548651982 1
1548651982 0
1548651982 2
1548651982 3
1548651982 1
1548651982 2
1548651982 2
1548651982 0
1548651982 2
1548651982 0
1548651983 2
1548651983 2
1548651983 0
1548651983 0
1548651983 0
1548651983 2
1548651983 2
1548651983 2
1548651983 2
1548651983 2
1548651983 2
1548651983 0
1548651984 1
1548651984 2
1548651984 1
1548651984 2
1548651984 2
1548651984 0
1548651984 2
1548651984 2
1548651984 0
1548651984 2
1548651984 0
1548651985 2
1548651985 2
1548651985 2
1548651985 2
1548651985 2
1548651985 0
1548651985 0
1548651985 2
1548651985 0
1548651985 2
1548651985 0
1548651986 2
1548651986 2
1548651986 0
1548651986 0
1548651986 2
1548651986 3
1548651986 2
1548651986 2
1548651986 2
1548651986 2
1548651986 0
1548651986 2
1548651987 0
1548651987 2
1548651987 0
1548651987 0
1548651987 2
1548651987 2
1548651987 0
1548651987 2
1548651987 0
1548651987 2
1548651987 1
1548651988 2
1548651988 0
1548651988 2
1548651988 2
1548651988 2
1548651988 0
1548651988 2
1548651988 0
1548651988 0
1548651988 2
1548651988 0
1548651989 2
1548651989 0
1548651989 2
1548651989 0
1548651989 2
1548651989 2
1548651989 2
1548651989 0
1548651989 2
1548651989 0
1548651989 2
1548651990 0
1548651990 2
1548651990 0
1548651990 2
1548651990 2
1548651990 0
1548651990 2
1548651990 2
1548651990 0
1548651990 2
1548651990 0
1548651991 2
1548651991 0
1548651991 0
1548651991 2
1548651991 2
1548651991 0
1548651991 2
1548651991 0
1548651991 2
1548651991 0
1548651991 2
1548651992 0
1548651992 2
1548651992 1
1548651992 3
1548651992 2
1548651992 2
1548651992 0
1548651992 2
1548651992 0
1548651992 2
1548651992 2
1548651992 2
1548651993 2
1548651993 2
1548651993 2
1548651993 2
1548651993 2
1548651993 2
1548651993 0
1548651993 2
1548651993 2
1548651993 2
1548651993 2
1548651994 2
1548651994 2
1548651994 2
1548651994 0
1548651994 2
1548651994 3
1548651994 2
1548651994 2
1548651994 2
1548651994 2
1548651995 2
1548651995 2
1548651995 2
1548651995 2
1548651995 2
1548651995 2
1548651995 2
1548651995 2
1548651995 2
1548651995 2
1548651995 2
1548651996 2
1548651996 2
1548651996 2
1548651996 2
1548651996 2
1548651996 2
1548651996 2
1548651996 2
1548651996 2
1548651996 2
1548651997 2
1548651997 0
1548651997 2
1548651997 0
1548651997 2
1548651997 0
1548651997 2
1548651997 0
1548651997 2
1548651997 3
1548651998 2
1548651998 0
1548651998 2
1548651998 2
1548651998 2
1548651998 0
1548651998 2
1548651998 0
1548651998 2
1548651998 0
1548651998 2
1548651999 2
1548651999 2
1548651999 0
1548651999 2
1548651999 3
1548651999 2
1548651999 2
1548651999 2
1548651999 2
1548651999 0
1548651999 2
1548652000 0
1548652000 2
1548652000 0
1548652000 2
1548652000 0
1548652000 0
1548652000 2
1548652000 2
1548652000 2
1548652000 2
1548652000 0
1548652000 2
1548652001 0
1548652001 2
1548652001 2
1548652001 0
1548652001 2
1548652001 2
1548652001 0
1548652001 0
1548652001 0
1548652001 0
1548652002 2
1548652002 2
1548652002 0
1548652002 2
1548652002 2
1548652002 0
1548652002 0
1548652002 2
1548652002 2
1548652002 2
1548652002 2
1548652003 0
1548652003 2
1548652003 2
1548652003 0
1548652003 0
1548652003 2
1548652003 2
1548652003 0
1548652003 2
1548652003 2
1548652003 2
1548652004 0
1548652004 2
1548652004 2
1548652004 0
1548652004 2
1548652004 2
1548652004 1
1548652004 0
1548652004 2
1548652004 0
1548652005 2
1548652005 0
1548652005 0
1548652005 2
1548652005 2
1548652005 0
1548652005 2
1548652005 0
1548652005 2
1548652005 2
1548652005 0
1548652006 2
1548652006 2
1548652006 1
1548652006 2
1548652006 2
1548652006 0
1548652006 2
1548652006 0
1548652006 2
1548652006 0
1548652006 2
1548652007 0
1548652007 2
1548652007 2
1548652007 2
1548652007 0
1548652007 2
1548652007 0
1548652007 2
1548652007 3
1548652007 2
1548652007 2
1548652008 2
1548652008 2
1548652008 2
1548652008 2
1548652008 2
1548652008 2
1548652008 2
1548652008 2
1548652008 0
1548652008 2
1548652008 2
1548652009 2
1548652009 0
1548652009 2
1548652009 2
1548652009 2
1548652009 2
1548652009 2
1548652009 2
1548652009 2
1548652009 2
1548652010 0
1548652010 0
1548652010 0
1548652010 0
1548652010 2
1548652010 0
1548652010 0
1548652010 0
1548652010 2
1548652010 2
1548652010 2
1548652011 0
1548652011 2
1548652011 0
1548652011 2
1548652011 0
1548652011 2
1548652011 0
1548652011 2
1548652011 0
1548652011 2
1548652011 0
1548652012 2
1548652012 2
1548652012 0
1548652012 0
1548652012 2
1548652012 2
1548652012 0
1548652012 2
1548652012 2
1548652012 0
1548652013 2
1548652013 2
1548652013 0
1548652013 2
1548652013 0
1548652013 0
1548652013 2
1548652013 2
1548652013 0
1548652013 2
1548652013 2
1548652014 2
1548652014 0
1548652014 2
1548652014 0
1548652014 2
1548652014 2
1548652014 0
1548652014 2
1548652014 2
1548652014 2
1548652014 3
1548652015 2
1548652015 2
1548652015 2
1548652015 2
1548652015 2
1548652015 3
1548652015 2
1548652015 2
1548652015 2
1548652015 2
1548652015 2
1548652016 2
1548652016 2
1548652016 2
1548652016 2
1548652016 2
1548652016 2
1548652016 2
1548652016 2
1548652016 2
1548652016 2
1548652016 2
1548652017 2
1548652017 2
1548652017 2
1548652017 2
1548652017 2
1548652017 2
1548652017 2
1548652017 2
1548652017 2
1548652017 2
1548652018 2
1548652018 2
1548652018 2
1548652018 2
1548652018 2
1548652018 2
1548652018 2
1548652018 2
1548652018 2
1548652018 2
1548652019 0
1548652019 2
1548652019 2
1548652019 0
1548652019 2
1548652019 2
1548652019 2
1548652019 0
1548652019 2
1548652019 0
1548652019 2
1548652020 2
1548652020 1
1548652020 2
1548652020 2
1548652020 0
1548652020 3
1548652020 2
1548652020 2
1548652020 0
1548652020 2
1548652020 2
1548652021 2
1548652021 0
1548652021 0
1548652021 2
1548652021 2
1548652021 0
1548652021 2
1548652021 2
1548652021 2
1548652021 0
1548652022 2
1548652022 0
1548652022 2
1548652022 0
1548652022 2
1548652022 0
1548652022 2
1548652022 2
1548652022 0
1548652022 2
1548652022 2
1548652023 2
1548652023 2
1548652023 2
1548652023 0
1548652023 2
1548652023 0
1548652023 2
1548652023 2
1548652023 2
1548652023 0
1548652024 2
1548652024 0
1548652024 0
1548652024 3
1548652024 0
1548652024 2
1548652024 2
1548652024 2
1548652024 1
1548652024 1
1548652024 2
1548652025 2
1548652025 1
1548652025 0
1548652025 2
1548652025 2
1548652025 0
1548652025 2
1548652025 0
1548652025 0
1548652025 0
1548652025 0
1548652026 0
1548652026 0
1548652026 2
1548652026 0
1548652026 0
1548652026 0
1548652026 0
1548652026 0
1548652026 2
1548652026 0
1548652027 0
1548652027 0
1548652027 2
1548652027 0
1548652027 0
1548652027 0
1548652027 2
1548652027 0
1548652027 0
1548652027 1
1548652027 2
1548652028 2
1548652028 2
1548652028 2
1548652028 2
1548652028 2
1548652028 2
1548652028 2
1548652028 3
1548652028 2
1548652028 2
1548652029 2
1548652029 2
1548652029 2
1548652029 2
1548652029 2
1548652029 2
1548652029 2
1548652029 2
1548652029 2
1548652029 0
1548652029 2
1548652030 0
1548652030 2
1548652030 0
1548652030 2
1548652030 2
1548652030 2
1548652030 2
1548652030 2
1548652030 2
1548652030 2
1548652031 2
1548652031 2
1548652031 1
1548652031 2
1548652031 1
1548652031 1
1548652031 2
1548652031 2
1548652031 1
1548652031 2
1548652031 1
1548652032 2
1548652032 1
1548652032 2
1548652032 1
1548652032 2
1548652032 3
1548652032 2
1548652032 0
1548652032 0
1548652032 0
1548652033 0
1548652033 0
1548652033 0
1548652033 0
1548652033 0
1548652033 2
1548652033 0
1548652033 0
1548652033 0
1548652033 0
1548652033 0
1548652034 2
1548652034 0
1548652034 0
1548652034 0
1548652034 0
1548652034 0
1548652034 0
1548652034 0
1548652034 0
1548652034 0
1548652035 2
1548652035 2
1548652035 0
1548652035 0
1548652035 0
1548652035 0
1548652035 0
1548652035 0
1548652035 0
1548652035 0
1548652035 2
1548652036 0
1548652036 0
1548652036 2
1548652036 0
1548652036 0
1548652036 2
1548652036 0
1548652036 0
1548652036 2
1548652036 0
1548652037 0
1548652037 0
1548652037 0
1548652037 0
1548652037 0
1548652037 0
1548652037 0
1548652037 0
1548652037 0
1548652037 0
1548652037 0
1548652038 0
1548652038 0
1548652038 0
1548652038 0
1548652038 0
1548652038 0
1548652038 2
1548652038 0
1548652038 2
1548652038 0
1548652039 2
1548652039 2
1548652039 2
1548652039 2
1548652039 0
1548652039 0
1548652039 2
1548652039 2
1548652039 2
1548652039 2
1548652040 0
1548652040 2
1548652040 2
1548652040 2
1548652040 0
1548652040 2
1548652040 0
1548652040 0
1548652040 2
1548652040 0
1548652040 2
1548652041 2
1548652041 2
1548652041 0
1548652041 2
1548652041 2
1548652041 2
1548652041 2
1548652041 2
1548652041 0
1548652041 1
1548652042 2
1548652042 2
1548652042 2
1548652042 1
1548652042 2
1548652042 2
1548652042 2
1548652042 2
1548652042 2
1548652042 2
1548652042 2
1548652043 2
1548652043 2
1548652043 2
1548652043 2
1548652043 2
1548652043 2
1548652043 2
1548652043 2
1548652043 2
1548652043 2
1548652044 2
1548652044 2
1548652044 2
1548652044 1
1548652044 2
1548652044 2
1548652044 2
1548652044 3
1548652044 2
1548652044 2
1548652045 2
1548652045 2
1548652045 2
1548652045 2
1548652045 2
1548652045 2
1548652045 2
1548652045 2
1548652045 2
1548652045 2
1548652046 2
1548652046 2
1548652046 2
1548652046 2
1548652046 2
1548652046 2
1548652046 2
1548652046 2
1548652046 2
1548652046 2
1548652046 2
1548652047 2
1548652047 2
1548652047 2
1548652047 2
1548652047 0
1548652047 2
1548652047 3
1548652047 2
1548652047 2
1548652047 2
1548652048 2
1548652048 2
1548652048 2
1548652048 2
1548652048 2
1548652048 2
1548652048 2
1548652048 2
1548652048 2
1548652048 2
1548652049 2
1548652049 2
1548652049 3
1548652049 2
1548652049 2
1548652049 2
1548652049 2
1548652049 1
1548652049 2
1548652049 2
1548652050 2
1548652050 2
1548652050 2
1548652050 2
1548652050 2
1548652050 2
1548652050 1
1548652050 1
1548652050 2
1548652050 1
1548652051 3
1548652051 1
1548652051 1
1548652051 2
1548652051 1
1548652051 1
1548652051 1
1548652051 2
1548652051 1
1548652051 2
1548652052 2
1548652052 1
1548652052 1
1548652052 2
1548652052 1
1548652052 1
1548652052 2
1548652052 1
1548652052 1
1548652052 1
1548652053 2
1548652053 1
1548652053 1
1548652053 3
1548652053 0
1548652053 3
1548652053 3
1548652053 3
1548652053 3
1548652053 3
1548652054 3
1548652054 3
1548652054 2
1548652054 2
1548652054 3
1548652054 1
1548652054 3
1548652054 3
1548652054 3
1548652054 0
1548652055 1
1548652055 3
1548652055 3
1548652055 3
1548652055 3
1548652055 3
1548652055 3
1548652055 3
1548652055 3
1548652055 3
1548652056 3
1548652056 3
1548652056 3
1548652056 3
1548652056 3
1548652056 3
1548652056 3
1548652056 3
1548652056 0
1548652056 0
1548652057 0
1548652057 0
1548652057 0
1548652057 0
1548652057 0
1548652057 0
1548652057 2
1548652057 2
1548652057 0
1548652057 2
1548652058 0
1548652058 2
1548652058 0
1548652058 0
1548652058 2
1548652058 0
1548652058 2
1548652058 0
1548652058 2
1548652058 2
1548652059 2
1548652059 2
1548652059 0
1548652059 2
1548652059 0
1548652059 2
1548652059 2
1548652059 2
1548652059 2
1548652059 2
1548652060 2
1548652060 2
1548652060 0
1548652060 2
1548652060 0
1548652060 2
1548652060 2
1548652060 0
1548652060 2
1548652060 0
1548652061 2
1548652061 2
1548652061 2
1548652061 2
1548652061 2
1548652061 2
1548652061 0
1548652061 2
1548652061 2
1548652061 2
1548652062 2
1548652062 2
1548652062 2
1548652062 2
1548652062 2
1548652062 3
1548652062 2
1548652062 2
1548652062 2
1548652062 2
1548652062 2
1548652063 2
1548652063 2
1548652063 2
1548652063 2
1548652063 3
1548652063 2
1548652063 2
1548652063 1
1548652063 2
1548652063 2
1548652064 2
1548652064 2
1548652064 2
1548652064 2
1548652064 2
1548652064 2
1548652064 0
1548652064 2
1548652064 2
1548652065 2
1548652065 2
1548652065 2
1548652065 2
1548652065 2
1548652065 2
1548652065 3
1548652065 2
1548652065 2
1548652065 2
1548652066 3
1548652066 2
1548652066 3
1548652066 2
1548652066 2
1548652066 0
1548652066 2
1548652066 2
1548652066 2
1548652066 2
1548652067 2
1548652067 2
1548652067 2
1548652067 2
1548652067 2
1548652067 2
1548652067 2
1548652067 1
1548652067 2
1548652067 2
1548652068 2
1548652068 2
1548652068 2
1548652068 2
1548652068 2
1548652068 2
1548652068 2
1548652068 2
1548652068 1
1548652068 1
1548652069 1
1548652069 1
1548652069 1
1548652069 1
1548652069 2
1548652069 1
1548652069 1
1548652069 2
1548652069 1
1548652069 1
1548652070 1
1548652070 2
1548652070 1
1548652070 2
1548652070 1
1548652070 1
1548652070 1
1548652070 1
1548652070 3
1548652070 3
1548652071 3
1548652071 3
1548652071 3
1548652071 2
1548652071 3
1548652071 3
1548652071 1
1548652071 3
1548652071 3
1548652071 3
1548652072 3
1548652072 1
1548652072 3
1548652072 0
1548652072 0
1548652072 0
1548652072 0
1548652072 0
1548652072 0
1548652073 0
1548652073 0
1548652073 0
1548652073 0
1548652073 0
