1548651790 3785.8376
1548651795 3774.5942
1548651805 3542.7224
1548651811 3549.9124
1548651816 1926.8053
1548651826 4200.466
1548651834 907.63184
1548651839 2452.6602
1548651847 4027.1365
1548651861 2576.5127
1548651871 2158.189
1548651877 1772.0924
1548651884 1748.5048
1548651902 512.3636
1548651910 1241.1769
1548651923 608.1749
1548651939 121.90693
1548651947 723.0352
1548651956 481.79422
1548651978 1578.5576
1548651996 425.8328
1548652010 463.20154
1548652018 1580.0906
1548652028 814.02167
1548652038 465.60733
1548652045 1869.8596
1548652056 450.40335
1548652064 1277.2031
1548652073 487.3897
