1548651783 0.48283875
1548651783 0.46825844
1548651783 0.45497373
1548651783 0.44879732
1548651783 0.4343112
1548651783 0.43292972
1548651783 0.41867805
1548651783 0.40030542
1548651783 0.39370236
1548651783 0.38198283
1548651783 0.3624366
1548651783 0.35640296
1548651783 0.3465554
1548651783 0.3467349
1548651784 0.33555353
1548651784 0.31967917
1548651784 0.30880037
1548651784 0.2968141
1548651784 0.2845529
1548651784 0.29778552
1548651784 0.29484454
1548651784 0.29001957
1548651784 0.2936093
1548651784 0.29271075
1548651784 0.28999272
1548651784 0.28605133
1548651784 0.27348113
1548651784 0.27520263
1548651784 0.27796945
1548651784 0.2723757
1548651784 0.28936967
1548651785 0.29210255
1548651785 0.28135905
1548651785 0.2796301
1548651785 0.28380838
1548651785 0.28577828
1548651785 0.28058058
1548651785 0.28122544
1548651785 0.2793354
1548651785 0.27178428
1548651785 0.27198836
1548651785 0.2743689
1548651785 0.2712528
1548651785 0.28587693
1548651785 0.27495372
1548651785 0.26379162
1548651785 0.26931506
1548651785 0.27119753
1548651786 0.26344106
1548651786 0.27087104
1548651786 0.2656291
1548651786 0.26139134
1548651786 0.2633812
1548651786 0.2636207
1548651786 0.2668195
1548651786 0.25826794
1548651786 0.26852673
1548651786 0.2710004
1548651786 0.2662161
1548651786 0.26592174
1548651786 0.27281007
1548651786 0.2761829
1548651786 0.27998126
1548651786 0.28389728
1548651787 0.28130692
1548651787 0.2887054
1548651787 0.288953
1548651787 0.28615078
1548651787 0.29372755
1548651787 0.29644
1548651787 0.30024546
1548651787 0.30500406
1548651787 0.30370966
1548651787 0.3110578
1548651787 0.32178992
1548651787 0.31848624
1548651787 0.31497684
1548651787 0.3244222
1548651787 0.31639853
1548651787 0.31278256
1548651787 0.30485398
1548651788 0.30105987
1548651788 0.299249
1548651788 0.31544253
1548651788 0.325382
1548651788 0.32352933
1548651788 0.32154903
1548651788 0.33195865
1548651788 0.33278626
1548651788 0.3252862
1548651788 0.33605203
1548651788 0.3546732
1548651788 0.36011907
1548651788 0.3580088
1548651788 0.3762936
1548651788 0.37800965
1548651788 0.39559525
1548651788 0.39210033
1548651789 0.38985136
1548651789 0.40471947
1548651789 0.40420094
1548651789 0.40390557
1548651789 0.40142548
1548651789 0.40719506
1548651789 0.41420597
1548651789 0.43196076
1548651789 0.4315584
1548651789 0.43870118
1548651789 0.43825495
1548651789 0.43777552
1548651789 0.4519697
1548651789 0.4612835
1548651789 0.458597
1548651789 0.45792574
1548651789 0.45265913
1548651790 0.44747105
1548651790 0.45270956
1548651790 0.4623869
1548651790 0.45813066
1548651790 -1384.7765079976907
1548651790 0.3628282
1548651790 0.36222157
1548651790 0.35327372
1548651790 0.33195668
1548651790 0.33025327
1548651790 0.31941923
1548651790 0.31286684
1548651790 0.30523345
1548651790 0.30508316
1548651790 0.2999
1548651791 0.29232624
1548651791 0.29231384
1548651791 0.29038665
1548651791 0.27976707
1548651791 0.28137022
1548651791 0.27565768
1548651791 0.26160026
1548651791 0.25435528
1548651791 0.2390336
1548651791 0.23256294
1548651791 0.21608348
1548651791 0.21550228
1548651791 0.21601447
1548651791 0.20233853
1548651791 0.22567375
1548651792 0.21173704
1548651792 0.1983966
1548651792 0.19268535
1548651792 0.18508585
1548651792 0.18423255
1548651792 0.1859302
1548651792 0.16825348
1548651792 0.15568684
1548651792 0.14855264
1548651792 0.1326555
1548651792 0.11602185
1548651792 0.09826268
1548651792 0.09922608
1548651792 0.093278885
1548651792 0.08234296
1548651792 0.078636676
1548651793 0.06418117
1548651793 0.06710776
1548651793 0.06148904
1548651793 0.0464483
1548651793 0.038066316
1548651793 0.027559934
1548651793 0.016206417
1548651793 0.037317332
1548651793 0.032238502
1548651793 0.015394713
1548651793 0.014925109
1548651793 0.00418709
1548651793 0.0073373714
1548651793 -0.005671641
1548651793 -0.010360294
1548651793 -0.024260921
1548651793 -0.02472639
1548651794 -0.013860432
1548651794 -0.031725977
1548651794 -0.005831421
1548651794 0.004767046
1548651794 0.010098151
1548651794 0.012581212
1548651794 0.004770026
1548651794 0.012885116
1548651794 0.004714133
1548651794 -0.0068629114
1548651794 -0.0039057457
1548651794 -0.0011698224
1548651794 0.011239837
1548651794 0.0019359638
1548651794 0.014136378
1548651794 0.0031421753
1548651795 -0.006277784
1548651795 -0.0023466528
1548651795 0.008043152
1548651795 0.008252991
1548651795 -0.007205294
1548651795 -0.012046566
1548651795 0.0025620775
1548651795 0.014388944
1548651795 0.010055642
1548651795 -1138.6644421296917
1548651795 0.60153735
1548651795 0.60124594
1548651795 0.6022994
1548651795 0.59559137
1548651795 0.5917523
1548651796 0.589123
1548651796 0.58428884
1548651796 0.573348
1548651796 0.56785154
1548651796 0.55954003
1548651796 0.5536986
1548651796 0.5555679
1548651796 0.53387374
1548651796 0.5328184
1548651796 0.5312421
1548651796 0.5151986
1548651796 0.5067078
1548651796 0.50263333
1548651796 0.49792153
1548651796 0.47517112
1548651796 0.47420454
1548651797 0.46279478
1548651797 0.45746002
1548651797 0.47262818
1548651797 0.4527682
1548651797 0.4550597
1548651797 0.44600666
1548651797 0.42884436
1548651797 0.42586073
1548651797 0.41383407
1548651797 0.41259986
1548651797 0.39803588
1548651797 0.37721327
1548651797 0.40018323
1548651797 0.39011052
1548651797 0.37244776
1548651797 0.35565183
1548651798 0.34208587
1548651798 0.32276934
1548651798 0.32634643
1548651798 0.31344897
1548651798 0.30699223
1548651798 0.2853292
1548651798 0.28453577
1548651798 0.2862688
1548651798 0.28991884
1548651798 0.28015462
1548651798 0.2773088
1548651798 0.26697063
1548651798 0.2617913
1548651798 0.25182608
1548651798 0.24939819
1548651798 0.2732846
1548651799 0.26289573
1548651799 0.28440002
1548651799 0.30178216
1548651799 0.2964196
1548651799 0.2873933
1548651799 0.2902236
1548651799 0.27887356
1548651799 0.27176008
1548651799 0.27743354
1548651799 0.2750907
1548651799 0.26598936
1548651799 0.27138057
1548651799 0.29274943
1548651799 0.2719439
1548651799 0.26466516
1548651799 0.26612157
1548651800 0.26686275
1548651800 0.2626048
1548651800 0.25062856
1548651800 0.24090037
1548651800 0.23248284
1548651800 0.220974
1548651800 0.21662246
1548651800 0.22047846
1548651800 0.20933585
1548651800 0.20243348
1548651800 0.1869162
1548651800 0.20154455
1548651800 0.20579351
1548651800 0.19551387
1548651800 0.18382478
1548651800 0.17262846
1548651801 0.16006404
1548651801 0.14505586
1548651801 0.14318985
1548651801 0.13805151
1548651801 0.14249773
1548651801 0.1310942
1548651801 0.15713088
1548651801 0.15646102
1548651801 0.14583695
1548651801 0.1671361
1548651801 0.17136905
1548651801 0.16565308
1548651801 0.15869698
1548651801 0.15734579
1548651801 0.15908626
1548651802 0.14528416
1548651802 0.13738678
1548651802 0.13118114
1548651802 0.12703674
1548651802 0.11069745
1548651802 0.109006874
1548651802 0.1004839
1548651802 0.09790741
1548651802 0.101991564
1548651802 0.09611723
1548651802 0.092160515
1548651802 0.086123474
1548651802 0.09756267
1548651802 0.10758047
1548651802 0.12932283
1548651802 0.118184865
1548651803 0.12942384
1548651803 0.11617144
1548651803 0.115772486
1548651803 0.12704383
1548651803 0.12999152
1548651803 0.13675897
1548651803 0.13698737
1548651803 0.14984088
1548651803 0.14879459
1548651803 0.16525762
1548651803 0.16775326
1548651803 0.153291
1548651803 0.14003526
1548651803 0.15203269
1548651803 0.16020395
1548651803 0.15698557
1548651804 0.1611473
1548651804 0.14782988
1548651804 0.14815217
1548651804 0.14477825
1548651804 0.13959557
1548651804 0.13602774
1548651804 0.14061539
1548651804 0.14307736
1548651804 0.14626038
1548651804 0.14407398
1548651804 0.13741557
1548651804 0.12811983
1548651804 0.11757952
1548651804 0.10195149
1548651804 0.10392309
1548651805 0.08975269
1548651805 0.1013794
1548651805 0.087241516
1548651805 0.081456006
1548651805 -1517.6085545412382
1548651805 0.06572706
1548651805 0.061523255
1548651805 0.051772058
1548651805 0.04868449
1548651805 0.038787026
1548651805 0.039329514
1548651805 0.038693953
1548651805 0.040941197
1548651805 0.046403095
1548651805 0.061541192
1548651806 0.06848469
1548651806 0.05480683
1548651806 0.050121542
1548651806 0.053353544
1548651806 0.05364411
1548651806 0.050597407
1548651806 0.047849312
1548651806 0.048158977
1548651806 0.03927689
1548651806 0.039644398
1548651806 0.03577504
1548651806 0.038716312
1548651806 0.034525745
1548651806 0.0347066
1548651806 0.028708434
1548651806 0.033686906
1548651807 0.03171744
1548651807 0.030002197
1548651807 0.022567289
1548651807 0.02697377
1548651807 0.021958416
1548651807 0.023128888
1548651807 0.023408806
1548651807 0.030825239
1548651807 0.03868335
1548651807 0.04199613
1548651807 0.048362236
1548651807 0.048878316
1548651807 0.056616988
1548651807 0.061873846
1548651807 0.06128751
1548651808 0.062312026
1548651808 0.06520879
1548651808 0.06027463
1548651808 0.054760978
1548651808 0.05386096
1548651808 0.059803553
1548651808 0.061419833
1548651808 0.06378749
1548651808 0.065876625
1548651808 0.06688302
1548651808 0.073250115
1548651808 0.079629086
1548651808 0.080096304
1548651808 0.07663365
1548651808 0.07977062
1548651809 0.07467103
1548651809 0.07744571
1548651809 0.08172168
1548651809 0.08168774
1548651809 0.08864079
1548651809 0.101611435
1548651809 0.108884715
1548651809 0.13889888
1548651809 0.14967036
1548651809 0.14495645
1548651809 0.15477301
1548651809 0.16021653
1548651809 0.16585861
1548651809 0.16920011
1548651809 0.17988999
1548651810 0.18947601
1548651810 0.20397477
1548651810 0.21122472
1548651810 0.21247438
1548651810 0.2104139
1548651810 0.22555332
1548651810 0.23600873
1548651810 0.23503824
1548651810 0.23524567
1548651810 0.23937336
1548651810 0.25603053
1548651810 0.25745565
1548651810 0.27474466
1548651810 0.29404664
1548651810 -1115.1379651800098
1548651811 0.4599866
1548651811 0.4368045
1548651811 0.43744645
1548651811 0.4584148
1548651811 0.48040754
1548651811 0.44891644
1548651811 0.45065054
1548651811 0.43912244
1548651811 0.44109073
1548651811 0.41523653
1548651811 0.41698262
1548651811 0.41179177
1548651811 0.38430268
1548651811 0.37521356
1548651811 0.35425386
1548651812 0.38272414
1548651812 0.38786384
1548651812 0.4134971
1548651812 0.41669977
1548651812 0.4177625
1548651812 0.44254905
1548651812 0.46738467
1548651812 0.47045437
1548651812 0.4981915
1548651812 0.4935497
1548651812 0.5137459
1548651812 0.4932908
1548651812 0.50094116
1548651812 0.4864468
1548651812 0.48781228
1548651813 0.48812893
1548651813 0.4839548
1548651813 0.49358013
1548651813 0.49442166
1548651813 0.48489937
1548651813 0.51132095
1548651813 0.5125942
1548651813 0.53483504
1548651813 0.5385283
1548651813 0.5302674
1548651813 0.511473
1548651813 0.5138472
1548651813 0.5063296
1548651813 0.5160551
1548651813 0.5104594
1548651814 0.5155092
1548651814 0.5372333
1548651814 0.5337691
1548651814 0.556726
1548651814 0.5605797
1548651814 0.56241226
1548651814 0.5528317
1548651814 0.56513804
1548651814 0.5767002
1548651814 0.57163703
1548651814 0.57086664
1548651814 0.57032174
1548651814 0.5715858
1548651814 0.57187444
1548651815 0.5663274
1548651815 0.5716936
1548651815 0.578082
1548651815 0.573316
1548651815 0.5649461
1548651815 0.5647782
1548651815 0.55839944
1548651815 0.55277795
1548651815 0.5516651
1548651815 0.55168176
1548651815 0.54875714
1548651815 0.573135
1548651815 0.57573754
1548651815 0.5777601
1548651816 0.5840523
1548651816 0.5780291
1548651816 0.57629687
1548651816 0.57767135
1548651816 0.5877763
1548651816 0.5910983
1548651816 0.5956582
1548651816 0.59459925
1548651816 0.59365964
1548651816 -775.6868686474753
1548651816 0.2702294
1548651816 0.26140943
1548651816 0.2606236
1548651816 0.25236046
1548651817 0.23358804
1548651817 0.21679915
1548651817 0.20142864
1548651817 0.20538396
1548651817 0.17953995
1548651817 0.18172884
1548651817 0.18480553
1548651817 0.16671492
1548651817 0.1389663
1548651817 0.12667179
1548651817 0.11882488
1548651817 0.09403994
1548651817 0.096903734
1548651817 0.0935285
1548651818 0.07134264
1548651818 0.06607656
1548651818 0.052344657
1548651818 0.04701977
1548651818 0.044312492
1548651818 0.043300845
1548651818 0.032656565
1548651818 0.021017367
1548651818 0.01852947
1548651818 0.017722039
1548651818 0.0119772395
1548651818 -0.00786911
1548651818 -0.022556903
1548651818 -0.026740253
1548651818 -0.033140287
1548651819 -0.05324599
1548651819 -0.06316413
1548651819 -0.047716647
1548651819 -0.04808279
1548651819 -0.05499242
1548651819 -0.050728798
1548651819 -0.045839418
1548651819 -0.028592058
1548651819 -0.013463367
1548651819 -0.013783459
1548651819 -0.029692229
1548651819 -0.042991553
1548651819 -0.038424235
1548651819 -0.049967717
1548651820 -0.05517904
1548651820 -0.064389035
1548651820 -0.07676363
1548651820 -0.0730083
1548651820 -0.08457641
1548651820 -0.06657092
1548651820 -0.08423827
1548651820 -0.08370274
1548651820 -0.075766996
1548651820 -0.080413096
1548651820 -0.0796942
1548651820 -0.08707815
1548651820 -0.082744434
1548651820 -0.08932337
1548651821 -0.07307201
1548651821 -0.08516746
1548651821 -0.09948877
1548651821 -0.0925315
1548651821 -0.10276656
1548651821 -0.11235634
1548651821 -0.11692327
1548651821 -0.11986082
1548651821 -0.09920135
1548651821 -0.07953835
1548651821 -0.0811089
1548651821 -0.07554909
1548651821 -0.08772551
1548651821 -0.08277092
1548651822 -0.0948739
1548651822 -0.077618495
1548651822 -0.0949972
1548651822 -0.0914402
1548651822 -0.08960873
1548651822 -0.09021836
1548651822 -0.09797306
1548651822 -0.08082894
1548651822 -0.08209463
1548651822 -0.08434974
1548651822 -0.08189251
1548651822 -0.07236411
1548651822 -0.07302238
1548651822 -0.07991874
1548651823 -0.08299387
1548651823 -0.06600161
1548651823 -0.06419073
1548651823 -0.047064178
1548651823 -0.038402554
1548651823 -0.052743316
1548651823 -0.046341233
1548651823 -0.04418434
1548651823 -0.044395223
1548651823 -0.042745285
1548651823 -0.038236916
1548651823 -0.028839946
1548651823 -0.026582453
1548651823 -0.039117854
1548651824 -0.037685506
1548651824 -0.043287802
1548651824 -0.034387406
1548651824 -0.036561023
1548651824 -0.03587205
1548651824 -0.03814328
1548651824 -0.03704573
1548651824 -0.035812967
1548651824 -0.04938316
1548651824 -0.038132835
1548651824 -0.043953493
1548651824 -0.049861528
1548651824 -0.050743166
1548651824 -0.061332982
1548651825 -0.061304376
1548651825 -0.04305053
1548651825 -0.052274007
1548651825 -0.048156593
1548651825 -0.04236966
1548651825 -0.043877672
1548651825 -0.046227172
1548651825 -0.046668928
1548651825 -0.04700619
1548651825 -0.047139905
1548651825 -0.043616213
1548651825 -0.049375385
1548651825 -0.048782885
1548651825 -0.046542827
1548651826 -0.044708792
1548651826 -0.049971815
1548651826 -0.05265436
1548651826 -0.050242614
1548651826 -0.050777856
1548651826 -0.03323638
1548651826 -0.032496534
1548651826 -0.024041755
1548651826 -0.018347587
1548651826 -1597.5653788214797
1548651826 0.490778
1548651826 0.4789463
1548651826 0.46212628
1548651827 0.45154446
1548651827 0.4471925
1548651827 0.43086246
1548651827 0.4136459
1548651827 0.3974215
1548651827 0.3913749
1548651827 0.38211733
1548651827 0.3672448
1548651827 0.35983646
1548651827 0.34242257
1548651827 0.3395013
1548651827 0.34214607
1548651827 0.32026806
1548651827 0.31370384
1548651827 0.3021014
1548651828 0.2921189
1548651828 0.287579
1548651828 0.26993257
1548651828 0.2657193
1548651828 0.2568294
1548651828 0.24728122
1548651828 0.24145526
1548651828 0.23792839
1548651828 0.23049901
1548651828 0.22400923
1548651828 0.20966701
1548651828 0.20556867
1548651828 0.19986695
1548651828 0.18468858
1548651829 0.17680317
1548651829 0.16391878
1548651829 0.15853663
1548651829 0.14464118
1548651829 0.1310335
1548651829 0.13517582
1548651829 0.13492016
1548651829 0.12013176
1548651829 0.11178695
1548651829 0.08979856
1548651829 0.07998408
1548651829 0.07254207
1548651829 0.05612888
1548651829 0.04389431
1548651830 0.024799192
1548651830 0.016421761
1548651830 0.011172581
1548651830 -0.013031936
1548651830 -0.010752419
1548651830 -0.020056546
1548651830 -0.039476003
1548651830 -0.0608899
1548651830 -0.06589134
1548651830 -0.082485
1548651830 -0.10020852
1548651830 -0.110742696
1548651830 -0.12846936
1548651831 -0.13945921
1548651831 -0.13329907
1548651831 -0.12912174
1548651831 -0.13558109
1548651831 -0.12653247
1548651831 -0.1317837
1548651831 -0.14186545
1548651831 -0.14279997
1548651831 -0.14617503
1548651831 -0.14087364
1548651831 -0.13589555
1548651831 -0.13903777
1548651832 -0.13598299
1548651832 -0.12502849
1548651832 -0.13019635
1548651832 -0.13594957
1548651832 -0.12494039
1548651832 -0.11152519
1548651832 -0.12277334
1548651832 -0.124399185
1548651832 -0.12404911
1548651832 -0.1095329
1548651832 -0.115462594
1548651832 -0.11883228
1548651832 -0.10723996
1548651832 -0.111112125
1548651833 -0.11300949
1548651833 -0.11992727
1548651833 -0.10365265
1548651833 -0.10725401
1548651833 -0.110301055
1548651833 -0.10061537
1548651833 -0.09942432
1548651833 -0.0969564
1548651833 -0.09792209
1548651833 -0.07871422
1548651833 -0.07705308
1548651833 -0.048615593
1548651833 -0.03859276
1548651833 -553.9299483966189
1548651834 0.57840085
1548651834 0.56719863
1548651834 0.5417565
1548651834 0.53676957
1548651834 0.53578484
1548651834 0.5410948
1548651834 0.54066324
1548651834 0.52946717
1548651834 0.5289129
1548651834 0.5483793
1548651834 0.5451787
1548651834 0.52876395
1548651834 0.5171214
1548651834 0.5092676
1548651835 0.5003154
1548651835 0.49266243
1548651835 0.48090747
1548651835 0.4721748
1548651835 0.494734
1548651835 0.47042316
1548651835 0.47496897
1548651835 0.4744493
1548651835 0.4583765
1548651835 0.47800517
1548651835 0.4567315
1548651835 0.438758
1548651835 0.4390475
1548651836 0.422922
1548651836 0.41498098
1548651836 0.4023692
1548651836 0.40659645
1548651836 0.38951516
1548651836 0.39516804
1548651836 0.38924128
1548651836 0.39958358
1548651836 0.38426557
1548651836 0.36775824
1548651836 0.3822861
1548651836 0.38487855
1548651836 0.3919698
1548651836 0.3882209
1548651836 0.4116882
1548651837 0.41680825
1548651837 0.41995832
1548651837 0.43225434
1548651837 0.42586112
1548651837 0.43113473
1548651837 0.4333891
1548651837 0.45742452
1548651837 0.46970764
1548651837 0.46470588
1548651837 0.45322084
1548651837 0.44331205
1548651837 0.4492528
1548651837 0.44887888
1548651837 0.44375366
1548651838 0.44767755
1548651838 0.43743584
1548651838 0.4534471
1548651838 0.44344822
1548651838 0.44650802
1548651838 0.45497268
1548651838 0.45976922
1548651838 0.4580298
1548651838 0.470195
1548651838 0.47668517
1548651838 0.4870196
1548651838 0.506828
1548651838 0.5099612
1548651838 0.518413
1548651839 0.5407766
1548651839 0.5562109
1548651839 0.58075917
1548651839 0.5896831
1548651839 0.59550345
1548651839 0.6091064
1548651839 0.6215277
1548651839 0.63840115
1548651839 -864.7791832574125
1548651839 0.047298335
1548651839 0.032565672
1548651839 0.036237456
1548651839 0.038994353
1548651840 0.035239425
1548651840 0.009307726
1548651840 -0.009185509
1548651840 -0.0076321517
1548651840 -0.006606899
1548651840 -0.017628517
1548651840 -0.026706168
1548651840 -0.03030836
1548651840 -0.02954195
1548651840 -0.0461799
1548651840 -0.06613509
1548651840 -0.07244571
1548651840 -0.08563764
1548651840 -0.09326483
1548651841 -0.08505038
1548651841 -0.08300985
1548651841 -0.087927714
1548651841 -0.09372824
1548651841 -0.091808386
1548651841 -0.1037041
1548651841 -0.10321911
1548651841 -0.103137545
1548651841 -0.09863027
1548651841 -0.107495755
1548651841 -0.121059164
1548651841 -0.12927504
1548651841 -0.12574159
1548651842 -0.13131633
1548651842 -0.14889622
1548651842 -0.16123462
1548651842 -0.15978335
1548651842 -0.16527028
1548651842 -0.17685607
1548651842 -0.19108614
1548651842 -0.20215113
1548651842 -0.20561619
1548651842 -0.20801076
1548651842 -0.2170423
1548651842 -0.21239585
1548651842 -0.21252762
1548651842 -0.2125226
1548651843 -0.19873336
1548651843 -0.20373373
1548651843 -0.20843297
1548651843 -0.21568917
1548651843 -0.1961916
1548651843 -0.18939063
1548651843 -0.18532208
1548651843 -0.19049895
1548651843 -0.16576414
1548651843 -0.1643674
1548651843 -0.17610052
1548651843 -0.172158
1548651843 -0.17707889
1548651844 -0.1770665
1548651844 -0.19202812
1548651844 -0.21073349
1548651844 -0.20917101
1548651844 -0.20434174
1548651844 -0.1956097
1548651844 -0.20754741
1548651844 -0.20734912
1548651844 -0.2238046
1548651844 -0.22951446
1548651844 -0.22803353
1548651844 -0.21081021
1548651844 -0.21105272
1548651844 -0.22310445
1548651845 -0.22660138
1548651845 -0.23113652
1548651845 -0.23281111
1548651845 -0.2254641
1548651845 -0.22641097
1548651845 -0.20981315
1548651845 -0.20164403
1548651845 -0.19537342
1548651845 -0.20292844
1548651845 -0.19600867
1548651845 -0.20457414
1548651845 -0.20804816
1548651845 -0.22200382
1548651846 -0.22913113
1548651846 -0.2356633
1548651846 -0.24052416
1548651846 -0.25647423
1548651846 -0.26435423
1548651846 -0.24889147
1548651846 -0.2413814
1548651846 -0.2323526
1548651846 -0.24544878
1548651846 -0.24236971
1548651846 -0.2393602
1548651846 -0.2523532
1548651846 -0.25861487
1548651846 -0.26880613
1548651847 -0.26293337
1548651847 -0.26422733
1548651847 -0.26856154
1548651847 -0.2621276
1548651847 -0.26934987
1548651847 -0.27450424
1548651847 -0.28344578
1548651847 -0.29463223
1548651847 -0.2907932
1548651847 -0.27884
1548651847 -0.27771425
1548651847 -1373.3772578963988
1548651848 0.09624122
1548651848 0.08077574
1548651848 0.073287584
1548651848 0.07392444
1548651848 0.10079839
1548651848 0.097919986
1548651848 0.07791186
1548651848 0.07173791
1548651848 0.076551504
1548651848 0.06553266
1548651848 0.038943358
1548651848 0.027375164
1548651848 0.013969189
1548651848 0.033672985
1548651849 0.014042735
1548651849 0.03193473
1548651849 0.027085252
1548651849 0.022335432
1548651849 0.026162798
1548651849 0.030683426
1548651849 0.034384135
1548651849 0.034424827
1548651849 0.02898222
1548651849 0.033736315
1548651849 0.051830087
1548651849 0.053491652
1548651849 0.057419304
1548651850 0.060078487
1548651850 0.06344831
1548651850 0.057279002
1548651850 0.05162523
1548651850 0.062593795
1548651850 0.05788834
1548651850 0.06847057
1548651850 0.09196232
1548651850 0.09006774
1548651850 0.087609686
1548651850 0.079588436
1548651850 0.09021612
1548651850 0.08350098
1548651851 0.09923857
1548651851 0.0877945
1548651851 0.082022876
1548651851 0.09653719
1548651851 0.09414432
1548651851 0.08436456
1548651851 0.08680069
1548651851 0.09469413
1548651851 0.08872702
1548651851 0.09827829
1548651851 0.09205163
1548651851 0.1008364
1548651852 0.11875722
1548651852 0.09727638
1548651852 0.10139578
1548651852 0.09761048
1548651852 0.09345646
1548651852 0.11193341
1548651852 0.13023928
1548651852 0.11453051
1548651852 0.09354718
1548651852 0.08460596
1548651852 0.11485947
1548651852 0.10185306
1548651852 0.088619046
1548651853 0.10369226
1548651853 0.091845796
1548651853 0.10924944
1548651853 0.111435086
1548651853 0.09588738
1548651853 0.11896713
1548651853 0.11817015
1548651853 0.12137009
1548651853 0.11754776
1548651853 0.11526262
1548651853 0.14001866
1548651853 0.11338884
1548651853 0.1383058
1548651854 0.12029174
1548651854 0.14523369
1548651854 0.12055981
1548651854 0.11194531
1548651854 0.108703576
1548651854 0.12971178
1548651854 0.12408367
1548651854 0.10634855
1548651854 0.12368227
1548651854 0.12360452
1548651854 0.115010306
1548651854 0.13668191
1548651854 0.11819671
1548651855 0.11790032
1548651855 0.12329651
1548651855 0.12432326
1548651855 0.11417557
1548651855 0.14166781
1548651855 0.14831896
1548651855 0.1462196
1548651855 0.11935796
1548651855 0.12569499
1548651855 0.15233546
1548651855 0.13871217
1548651855 0.12191141
1548651855 0.1231188
1548651856 0.097074576
1548651856 0.10194732
1548651856 0.11038118
1548651856 0.09290772
1548651856 0.11689937
1548651856 0.106799245
1548651856 0.11581443
1548651856 0.09014927
1548651856 0.11707839
1548651856 0.10232413
1548651856 0.10186033
1548651856 0.08114447
1548651856 0.10783628
1548651857 0.08376085
1548651857 0.08667858
1548651857 0.07099473
1548651857 0.06908959
1548651857 0.05743226
1548651857 0.086163454
1548651857 0.117031775
1548651857 0.11133081
1548651857 0.097192675
1548651857 0.1029818
1548651857 0.10124628
1548651857 0.1031582
1548651857 0.10899537
1548651857 0.09343263
1548651858 0.07925851
1548651858 0.078381434
1548651858 0.086875945
1548651858 0.077109404
1548651858 0.0740596
1548651858 0.05529561
1548651858 0.0434528
1548651858 0.044205252
1548651858 0.055257346
1548651858 0.06783403
1548651858 0.06963998
1548651858 0.062296223
1548651859 0.051966675
1548651859 0.054639123
1548651859 0.050875213
1548651859 0.043818865
1548651859 0.044201553
1548651859 0.03765302
1548651859 0.034220606
1548651859 0.04048519
1548651859 0.028575303
1548651859 0.015684657
1548651859 0.013925469
1548651859 -0.0011903339
1548651859 -0.018050719
1548651860 -0.0022484919
1548651860 -0.011171471
1548651860 -0.018810717
1548651860 -0.011566033
1548651860 -0.006076574
1548651860 0.012211057
1548651860 0.01401136
1548651860 0.029100541
1548651860 0.02934873
1548651860 0.04239572
1548651860 0.08204458
1548651860 0.075156204
1548651860 0.06967674
1548651860 0.07010773
1548651861 0.0686666
1548651861 0.10903313
1548651861 0.12123637
1548651861 0.12796576
1548651861 0.12807918
1548651861 0.115784146
1548651861 0.10504662
1548651861 0.101581655
1548651861 0.11027784
1548651861 0.10069708
1548651861 0.122805364
1548651861 -1408.5518568290956
1548651861 0.35470545
1548651862 0.33062157
1548651862 0.32527196
1548651862 0.34188142
1548651862 0.33765602
1548651862 0.33385372
1548651862 0.3485995
1548651862 0.33128917
1548651862 0.3464557
1548651862 0.3615815
1548651862 0.34008253
1548651862 0.32439187
1548651862 0.31271234
1548651862 0.31485572
1548651863 0.29523793
1548651863 0.27731034
1548651863 0.297376
1548651863 0.29024717
1548651863 0.2642623
1548651863 0.25322255
1548651863 0.2283222
1548651863 0.20599669
1548651863 0.17720006
1548651863 0.1565826
1548651863 0.15781835
1548651863 0.14793949
1548651863 0.14264683
1548651863 0.14378983
1548651864 0.1601028
1548651864 0.14453216
1548651864 0.16042751
1548651864 0.14818399
1548651864 0.14350699
1548651864 0.14234763
1548651864 0.14995617
1548651864 0.1575154
1548651864 0.16502471
1548651864 0.1827602
1548651864 0.16166803
1548651864 0.17172052
1548651865 0.17188941
1548651865 0.1724493
1548651865 0.17293034
1548651865 0.16303717
1548651865 0.16760042
1548651865 0.18776454
1548651865 0.16978234
1548651865 0.18108462
1548651865 0.16499594
1548651865 0.17181545
1548651865 0.19560954
1548651865 0.19123898
1548651865 0.19583592
1548651865 0.19781567
1548651866 0.22152914
1548651866 0.19168393
1548651866 0.19175375
1548651866 0.19397433
1548651866 0.16617656
1548651866 0.17095251
1548651866 0.17333327
1548651866 0.17786437
1548651866 0.17933582
1548651866 0.16476381
1548651866 0.16454512
1548651866 0.13705777
1548651866 0.15888627
1548651867 0.16121458
1548651867 0.14665185
1548651867 0.15328497
1548651867 0.13510253
1548651867 0.16330639
1548651867 0.13258813
1548651867 0.16080482
1548651867 0.14494494
1548651867 0.13501038
1548651867 0.12760004
1548651867 0.13863695
1548651867 0.1467888
1548651867 0.120835595
1548651868 0.09526373
1548651868 0.12837298
1548651868 0.13199866
1548651868 0.14351204
1548651868 0.12226894
1548651868 0.11056317
1548651868 0.13077846
1548651868 0.135912
1548651868 0.119884096
1548651868 0.09676011
1548651868 0.078404196
1548651868 0.092554435
1548651868 0.107878946
1548651869 0.09511016
1548651869 0.08479033
1548651869 0.09929853
1548651869 0.10515928
1548651869 0.094592415
1548651869 0.08414437
1548651869 0.080951676
1548651869 0.11183673
1548651869 0.12258754
1548651869 0.11403028
1548651869 0.11449302
1548651869 0.12323038
1548651869 0.1434333
1548651870 0.15644278
1548651870 0.17363897
1548651870 0.19258973
1548651870 0.2078934
1548651870 0.20799313
1548651870 0.21407327
1548651870 0.22301142
1548651870 0.2565403
1548651870 0.28327513
1548651870 0.2857914
1548651870 0.29654446
1548651870 0.30163732
1548651870 0.30895513
1548651870 0.3369946
1548651871 0.3625797
1548651871 0.35502344
1548651871 0.38196623
1548651871 0.41416207
1548651871 -1041.0046676007753
1548651871 -0.022524197
1548651871 -0.015790287
1548651871 -0.009083661
1548651871 0.011864991
1548651871 -0.008716324
1548651871 0.016132897
1548651871 0.012520411
1548651872 -0.010235249
1548651872 0.012744287
1548651872 0.0014305924
1548651872 -0.0016500189
1548651872 0.0027340879
1548651872 0.027708227
1548651872 0.011847953
1548651872 -0.0040357336
1548651872 0.025915548
1548651872 0.029256344
1548651872 -0.003431545
1548651872 -0.00633007
1548651872 0.02538058
1548651873 0.003945002
1548651873 -0.011737358
1548651873 -0.013361611
1548651873 0.011479334
1548651873 0.021916147
1548651873 -0.0036003655
1548651873 0.006976468
1548651873 -0.02026637
1548651873 0.0074346852
1548651873 0.001093104
1548651873 -0.028023783
1548651873 0.0050051385
1548651873 0.013718877
1548651874 -0.024565475
1548651874 -0.0291747
1548651874 -0.013683469
1548651874 -0.01790886
1548651874 -0.014033579
1548651874 0.014359193
1548651874 0.047557015
1548651874 0.018373154
1548651874 0.012186339
1548651874 -0.01438195
1548651874 0.015593671
1548651874 0.015259883
1548651874 0.0087174345
1548651875 0.042382892
1548651875 0.040195517
1548651875 0.07081708
1548651875 0.07717748
1548651875 0.085516274
1548651875 0.06545916
1548651875 0.057102345
1548651875 0.054057784
1548651875 0.026825469
1548651875 0.018942196
1548651875 -0.0040442864
1548651875 -0.01229759
1548651875 -0.0073176054
1548651876 -0.016391156
1548651876 -0.02242852
1548651876 -0.029713187
1548651876 -0.023387501
1548651876 -0.017644776
1548651876 -0.0033659583
1548651876 -0.010191593
1548651876 -0.011089391
1548651876 -0.0031860361
1548651876 -0.010191176
1548651876 -0.022308728
1548651876 -0.019442244
1548651876 -0.0087260315
1548651877 0.0029270116
1548651877 0.0048667924
1548651877 0.0005190074
1548651877 -0.002107438
1548651877 0.00042000404
1548651877 -0.007933553
1548651877 0.0081405025
1548651877 0.020837804
1548651877 0.03812787
1548651877 -734.8945929424282
1548651877 0.4129204
1548651877 0.39837617
1548651877 0.38707846
1548651878 0.36033964
1548651878 0.33516207
1548651878 0.31427702
1548651878 0.29420647
1548651878 0.2639445
1548651878 0.2842841
1548651878 0.26280564
1548651878 0.24573232
1548651878 0.21175943
1548651878 0.24169645
1548651878 0.23151495
1548651878 0.21448551
1548651879 0.19324818
1548651879 0.19949356
1548651879 0.20519327
1548651879 0.19633928
1548651879 0.1711257
1548651879 0.14443298
1548651879 0.14360729
1548651879 0.123028785
1548651879 0.12658249
1548651879 0.094934426
1548651879 0.07512877
1548651879 0.088844456
1548651879 0.0716409
1548651879 0.096351355
1548651880 0.10168592
1548651880 0.07649972
1548651880 0.07579984
1548651880 0.072178096
1548651880 0.082990006
1548651880 0.07875538
1548651880 0.084317565
1548651880 0.07169759
1548651880 0.09308713
1548651880 0.10590657
1548651880 0.1202191
1548651880 0.13247474
1548651880 0.13850547
1548651881 0.11536092
1548651881 0.09025451
1548651881 0.06505695
1548651881 0.06298946
1548651881 0.03436583
1548651881 0.005699803
1548651881 0.0058425968
1548651881 0.016148867
1548651881 0.00096647395
1548651881 -0.007200563
1548651881 -0.016799664
1548651881 -0.015966674
1548651882 0.020039542
1548651882 0.001974632
1548651882 -0.018013002
1548651882 -0.027069135
1548651882 -0.020992046
1548651882 -0.012802823
1548651882 -0.009750578
1548651882 -0.009853424
1548651882 0.003182348
1548651882 0.0116028935
1548651882 0.018090127
1548651882 0.015347286
1548651882 0.022184113
1548651883 0.017413998
1548651883 0.019297525
1548651883 0.020697748
1548651883 0.028163237
1548651883 0.020851543
1548651883 0.021026714
1548651883 0.033636115
1548651883 0.02317601
1548651883 0.025736919
1548651883 0.023656892
1548651883 0.024809273
1548651883 0.02830374
1548651883 0.024861738
1548651884 0.025693178
1548651884 0.021394607
1548651884 0.021231072
1548651884 0.016314086
1548651884 0.014895446
1548651884 0.007969992
1548651884 0.007631071
1548651884 -759.430749099684
1548651884 0.0652825
1548651884 0.07091643
1548651884 0.0762962
1548651884 0.08163867
1548651885 0.086943716
1548651885 0.092211396
1548651885 0.1097205
1548651885 0.11135313
1548651885 0.09996975
1548651885 0.11598068
1548651885 0.11057981
1548651885 0.10252159
1548651885 0.11224729
1548651885 0.11082317
1548651885 0.10050677
1548651885 0.10803414
1548651885 0.10135946
1548651886 0.110607326
1548651886 0.10204147
1548651886 0.107396714
1548651886 0.13633296
1548651886 0.11824055
1548651886 0.13455172
1548651886 0.11159367
1548651886 0.10968374
1548651886 0.09958105
1548651886 0.10461126
1548651886 0.1269537
1548651886 0.11726117
1548651886 0.1090871
1548651887 0.121984184
1548651887 0.11543603
1548651887 0.13797574
1548651887 0.11541103
1548651887 0.1144439
1548651887 0.12937617
1548651887 0.11858736
1548651887 0.13082135
1548651887 0.12136566
1548651887 0.13069364
1548651887 0.12303996
1548651887 0.14380132
1548651887 0.13901712
1548651888 0.13644435
1548651888 0.113030754
1548651888 0.13330747
1548651888 0.110115215
1548651888 0.107560284
1548651888 0.12033611
1548651888 0.10460342
1548651888 0.12411276
1548651888 0.123176284
1548651888 0.1257821
1548651888 0.12543668
1548651888 0.116618164
1548651889 0.100269
1548651889 0.09294889
1548651889 0.105704844
1548651889 0.09787891
1548651889 0.09522187
1548651889 0.09993839
1548651889 0.118873335
1548651889 0.09900942
1548651889 0.1209647
1548651889 0.11389089
1548651889 0.10281963
1548651889 0.12181503
1548651889 0.15069278
1548651890 0.14248624
1548651890 0.12437333
1548651890 0.14037098
1548651890 0.13785315
1548651890 0.12632637
1548651890 0.12496346
1548651890 0.12928922
1548651890 0.109517165
1548651890 0.10667825
1548651890 0.11732372
1548651890 0.10911851
1548651890 0.13065983
1548651891 0.11295175
1548651891 0.12659632
1548651891 0.11179944
1548651891 0.1211407
1548651891 0.10936156
1548651891 0.12306215
1548651891 0.10593043
1548651891 0.1163444
1548651891 0.10442853
1548651891 0.11943159
1548651891 0.1122199
1548651891 0.11516921
1548651891 0.10667277
1548651892 0.09506963
1548651892 0.11363385
1548651892 0.08531912
1548651892 0.10346499
1548651892 0.09288652
1548651892 0.07694819
1548651892 0.09751364
1548651892 0.092876375
1548651892 0.09261461
1548651892 0.08745544
1548651892 0.081337616
1548651892 0.10599925
1548651893 0.081811406
1548651893 0.07180481
1548651893 0.09574623
1548651893 0.06648661
1548651893 0.06441069
1548651893 0.08114376
1548651893 0.081023075
1548651893 0.06420524
1548651893 0.082578436
1548651893 0.07556429
1548651893 0.09374336
1548651893 0.076597005
1548651894 0.07844536
1548651894 0.103734225
1548651894 0.108013615
1548651894 0.10789649
1548651894 0.090962164
1548651894 0.072215214
1548651894 0.0934082
1548651894 0.07639237
1548651894 0.07369249
1548651894 0.09037392
1548651894 0.079228915
1548651894 0.09833891
1548651894 0.116021685
1548651895 0.09743057
1548651895 0.1021456
1548651895 0.089266546
1548651895 0.106569715
1548651895 0.112992205
1548651895 0.108696744
1548651895 0.111444026
1548651895 0.116142936
1548651895 0.105347715
1548651895 0.11931996
1548651895 0.11664583
1548651895 0.1144932
1548651896 0.11244753
1548651896 0.11924011
1548651896 0.12104646
1548651896 0.13029231
1548651896 0.12904207
1548651896 0.14567973
1548651896 0.13910814
1548651896 0.14374678
1548651896 0.13664342
1548651896 0.13626213
1548651896 0.15537108
1548651896 0.14142738
1548651896 0.16383727
1548651897 0.1504479
1548651897 0.15261653
1548651897 0.17832328
1548651897 0.18001276
1548651897 0.16563691
1548651897 0.16622362
1548651897 0.14542015
1548651897 0.16402063
1548651897 0.14792556
1548651897 0.15435667
1548651897 0.15029834
1548651897 0.16659899
1548651898 0.15825619
1548651898 0.17905419
1548651898 0.16903315
1548651898 0.16191779
1548651898 0.17264669
1548651898 0.19625454
1548651898 0.17679153
1548651898 0.19736299
1548651898 0.19271848
1548651898 0.181786
1548651898 0.20703264
1548651898 0.1862468
1548651898 0.1860038
1548651899 0.2111267
1548651899 0.20307763
1548651899 0.23264934
1548651899 0.2307392
1548651899 0.2517413
1548651899 0.25583366
1548651899 0.24542063
1548651899 0.21649869
1548651899 0.24560434
1548651899 0.23172444
1548651899 0.24006152
1548651899 0.23333907
1548651900 0.2550369
1548651900 0.25324094
1548651900 0.22910938
1548651900 0.20857322
1548651900 0.20032401
1548651900 0.20894971
1548651900 0.20390563
1548651900 0.21355385
1548651900 0.19977811
1548651900 0.21406335
1548651900 0.21791893
1548651900 0.21525818
1548651901 0.1987037
1548651901 0.21706486
1548651901 0.19330654
1548651901 0.21607494
1548651901 0.19825843
1548651901 0.22169897
1548651901 0.19245724
1548651901 0.21956919
1548651901 0.20981902
1548651901 0.21537563
1548651901 0.21087535
1548651901 0.18787387
1548651901 -627.6448346165096
1548651902 0.300563
1548651902 0.28256363
1548651902 0.25543302
1548651902 0.27503756
1548651902 0.25901008
1548651902 0.24161944
1548651902 0.24269421
1548651902 0.23881087
1548651902 0.23804854
1548651902 0.26313004
1548651902 0.28774756
1548651903 0.28709012
1548651903 0.2538138
1548651903 0.25026402
1548651903 0.24769758
1548651903 0.22908702
1548651903 0.20358768
1548651903 0.19468457
1548651903 0.19071947
1548651903 0.160926
1548651903 0.14405365
1548651903 0.12044032
1548651903 0.123813756
1548651904 0.119602405
1548651904 0.15138939
1548651904 0.18407248
1548651904 0.15123972
1548651904 0.14880134
1548651904 0.110330395
1548651904 0.083233945
1548651904 0.07197332
1548651904 0.076851934
1548651904 0.10643215
1548651904 0.094542325
1548651904 0.084562294
1548651904 0.08984469
1548651905 0.1184501
1548651905 0.12172361
1548651905 0.11073912
1548651905 0.10155498
1548651905 0.082500085
1548651905 0.10249622
1548651905 0.10809235
1548651905 0.087495446
1548651905 0.08865024
1548651905 0.07210474
1548651905 0.09433838
1548651905 0.094148554
1548651906 0.06726882
1548651906 0.06264961
1548651906 0.06780318
1548651906 0.05828968
1548651906 0.08301583
1548651906 0.08713909
1548651906 0.079726785
1548651906 0.078046344
1548651906 0.0795558
1548651906 0.04149219
1548651906 0.016286787
1548651906 0.044220466
1548651906 0.0475513
1548651907 0.035286292
1548651907 0.03251358
1548651907 0.022796165
1548651907 0.054961555
1548651907 0.060672507
1548651907 0.033556156
1548651907 0.014412715
1548651907 0.025108615
1548651907 0.0318584
1548651907 0.060881812
1548651907 0.024889302
1548651907 0.029371213
1548651908 0.0667002
1548651908 0.06269426
1548651908 0.0538649
1548651908 0.08226067
1548651908 0.07734202
1548651908 0.044330616
1548651908 0.038727913
1548651908 0.003786873
1548651908 -0.02022054
1548651908 -0.0030864675
1548651908 0.027673863
1548651908 0.034940597
1548651909 0.041020878
1548651909 0.02380419
1548651909 -0.0049421303
1548651909 -0.0035803763
1548651909 0.029763427
1548651909 0.032490943
1548651909 0.050735615
1548651909 0.052261975
1548651909 0.041218076
1548651909 0.048108257
1548651909 0.031381335
1548651910 0.030262
1548651910 0.029933093
1548651910 0.063918464
1548651910 0.0646878
1548651910 0.098565176
1548651910 0.09379264
1548651910 0.107473336
1548651910 0.10787638
1548651910 -689.9363029625783
1548651910 0.33059973
1548651910 0.31855044
1548651910 0.3017827
1548651911 0.29139042
1548651911 0.28348678
1548651911 0.27021304
1548651911 0.25400376
1548651911 0.2279302
1548651911 0.21936783
1548651911 0.21371408
1548651911 0.2130322
1548651911 0.1933439
1548651911 0.18458132
1548651911 0.1698689
1548651912 0.14714165
1548651912 0.12336304
1548651912 0.093456
1548651912 0.09496598
1548651912 0.07925524
1548651912 0.06551918
1548651912 0.044831734
1548651912 0.03589457
1548651912 0.019079497
1548651912 0.0010160278
1548651912 0.020332742
1548651912 0.008268324
1548651913 -0.012836346
1548651913 0.0047118086
1548651913 -0.005317034
1548651913 -0.028947413
1548651913 -0.028098594
1548651913 -0.041970138
1548651913 -0.02985221
1548651913 -0.048565682
1548651913 -0.032949753
1548651913 -0.04517795
1548651913 -0.0617956
1548651914 -0.05174535
1548651914 -0.061070845
1548651914 -0.077108964
1548651914 -0.09067643
1548651914 -0.08862385
1548651914 -0.101585485
1548651914 -0.082342446
1548651914 -0.08238238
1548651914 -0.09860062
1548651914 -0.11387548
1548651914 -0.094544776
1548651914 -0.098144256
1548651915 -0.09726103
1548651915 -0.10405482
1548651915 -0.11164759
1548651915 -0.10937389
1548651915 -0.10715258
1548651915 -0.11695966
1548651915 -0.0988452
1548651915 -0.11624554
1548651915 -0.13298318
1548651915 -0.14154576
1548651915 -0.14314044
1548651915 -0.15506257
1548651916 -0.16381712
1548651916 -0.16973598
1548651916 -0.15416318
1548651916 -0.15760674
1548651916 -0.15623526
1548651916 -0.15266542
1548651916 -0.15591782
1548651916 -0.16854917
1548651916 -0.18016978
1548651916 -0.19130084
1548651916 -0.19361891
1548651916 -0.19963826
1548651917 -0.2096667
1548651917 -0.20904537
1548651917 -0.21408898
1548651917 -0.229639
1548651917 -0.23238498
1548651917 -0.23584788
1548651917 -0.24261534
1548651917 -0.23561747
1548651917 -0.2475822
1548651917 -0.25375092
1548651917 -0.25483972
1548651917 -0.24638551
1548651918 -0.2576507
1548651918 -0.25537422
1548651918 -0.2657979
1548651918 -0.26025358
1548651918 -0.27078477
1548651918 -0.26940346
1548651918 -0.26177287
1548651918 -0.25111037
1548651918 -0.24885069
1548651918 -0.25029135
1548651918 -0.24184097
1548651918 -0.23338866
1548651919 -0.2236431
1548651919 -0.21042174
1548651919 -0.19718407
1548651919 -0.1817307
1548651919 -0.1882633
1548651919 -0.17813729
1548651919 -0.16588718
1548651919 -0.16524404
1548651919 -0.15510873
1548651919 -0.14498384
1548651919 -0.13408081
1548651919 -0.12739076
1548651920 -0.11971427
1548651920 -0.10707511
1548651920 -0.101783484
1548651920 -0.09083154
1548651920 -0.07990115
1548651920 -0.06889977
1548651920 -0.06456863
1548651920 -0.05348802
1548651920 -0.042508747
1548651920 -0.03101645
1548651920 -0.019557752
1548651920 -0.008135482
1548651921 0.0032469959
1548651921 0.013684036
1548651921 0.025154248
1548651921 0.03303526
1548651921 0.04389603
1548651921 0.05012084
1548651921 0.056314006
1548651921 0.06469694
1548651921 0.06518491
1548651921 0.07160594
1548651921 0.08189504
1548651921 0.09344738
1548651921 0.08883904
1548651922 0.09510842
1548651922 0.10572953
1548651922 0.10503687
1548651922 0.11120503
1548651922 0.1203342
1548651922 0.12483165
1548651922 0.12862825
1548651922 0.12995626
1548651922 0.13890508
1548651922 0.14301768
1548651922 0.14709832
1548651922 0.15114665
1548651923 0.16052815
1548651923 0.15660523
1548651923 0.16061756
1548651923 0.16266608
1548651923 0.16533653
1548651923 0.17559563
1548651923 0.17511174
1548651923 -568.267205927179
1548651923 0.38584086
1548651923 0.36921927
1548651923 0.35711053
1548651923 0.34279862
1548651924 0.34057343
1548651924 0.33761582
1548651924 0.33518377
1548651924 0.33396164
1548651924 0.3233573
1548651924 0.3067258
1548651924 0.29609036
1548651924 0.29252163
1548651924 0.30233884
1548651924 0.2873469
1548651924 0.2789488
1548651924 0.26969033
1548651925 0.25514492
1548651925 0.2337191
1548651925 0.21721601
1548651925 0.21010423
1548651925 0.20514412
1548651925 0.21150075
1548651925 0.18892694
1548651925 0.19497684
1548651925 0.18882172
1548651925 0.20278308
1548651925 0.18712227
1548651925 0.1691731
1548651926 0.16925849
1548651926 0.15728262
1548651926 0.13039361
1548651926 0.12484005
1548651926 0.093359955
1548651926 0.080660686
1548651926 0.06539538
1548651926 0.03183903
1548651926 0.013455681
1548651926 0.0044284095
1548651926 0.0051850355
1548651926 -0.0024152051
1548651927 -0.017189655
1548651927 -0.0012529782
1548651927 -0.01845197
1548651927 -0.0060409238
1548651927 -0.018883321
1548651927 -0.020599727
1548651927 -0.009546451
1548651927 -0.017586986
1548651927 -0.013049813
1548651927 0.0046768733
1548651927 -0.012293077
1548651927 -0.0044098953
1548651928 -0.010788267
1548651928 -0.005578892
1548651928 -0.0076073417
1548651928 -0.0007112323
1548651928 -0.0074939877
1548651928 -0.005509626
1548651928 0.014877704
1548651928 -0.005467263
1548651928 0.012635408
1548651928 -0.009946702
1548651928 -0.01704246
1548651928 -0.0059506553
1548651929 0.009953512
1548651929 0.009337182
1548651929 -0.0049179243
1548651929 -0.02017064
1548651929 -0.016579568
1548651929 -0.023662036
1548651929 -0.006198878
1548651929 0.009175876
1548651929 0.0069032703
1548651929 0.0042673605
1548651929 -0.0033520625
1548651929 -0.0039411127
1548651930 -0.026810857
1548651930 -0.015477902
1548651930 -0.019122181
1548651930 -0.026321586
1548651930 -0.034651995
1548651930 -0.029416384
1548651930 -0.03232152
1548651930 -0.03734828
1548651930 -0.030531859
1548651930 -0.038477283
1548651930 -0.032451626
1548651930 -0.039864127
1548651931 -0.048252106
1548651931 -0.05985682
1548651931 -0.05536475
1548651931 -0.05759598
1548651931 -0.06272258
1548651931 -0.07023268
1548651931 -0.06890865
1548651931 -0.06358006
1548651931 -0.073563576
1548651931 -0.06520442
1548651931 -0.05215249
1548651931 -0.039140876
1548651932 -0.046117097
1548651932 -0.031917587
1548651932 -0.049827732
1548651932 -0.057499908
1548651932 -0.06738566
1548651932 -0.06535817
1548651932 -0.060045723
1548651932 -0.04922555
1548651932 -0.058834605
1548651932 -0.053843144
1548651932 -0.04150269
1548651932 -0.04674272
1548651933 -0.039012097
1548651933 -0.041898068
1548651933 -0.04182428
1548651933 -0.0384487
1548651933 -0.03509949
1548651933 -0.022956358
1548651933 -0.02435606
1548651933 -0.024936086
1548651933 -0.027448738
1548651933 -0.01581706
1548651933 -0.022789292
1548651934 -0.020036086
1548651934 -0.012334659
1548651934 -0.020683689
1548651934 -0.010987442
1548651934 -0.015239778
1548651934 -0.012395535
1548651934 -0.0018418037
1548651934 -0.007934611
1548651934 -0.009103195
1548651934 -0.0063517275
1548651934 0.00022025403
1548651934 -0.0036943757
1548651935 0.0019744309
1548651935 0.009207077
1548651935 0.002370584
1548651935 0.0067504505
1548651935 0.01662233
1548651935 0.00024544445
1548651935 0.0065615196
1548651935 -0.001377142
1548651935 0.0035122337
1548651935 0.008370784
1548651935 0.01992589
1548651935 0.006742442
1548651936 0.0047422806
1548651936 0.009887224
1548651936 0.01744196
1548651936 0.010320587
1548651936 0.015479891
1548651936 0.022455275
1548651936 0.01966228
1548651936 0.023972489
1548651936 0.0281405
1548651936 0.036648247
1548651936 0.028683266
1548651936 0.032434102
1548651937 0.036147535
1548651937 0.039823364
1548651937 0.04945044
1548651937 0.033830244
1548651937 0.03775768
1548651937 0.043444302
1548651937 0.04108636
1548651937 0.044639077
1548651937 0.04815413
1548651937 0.057306554
1548651937 0.04288382
1548651938 0.04809904
1548651938 0.049792483
1548651938 0.05340082
1548651938 0.05080569
1548651938 0.05533555
1548651938 0.046816733
1548651938 0.050570752
1548651938 0.053755462
1548651938 0.05772085
1548651938 0.05346539
1548651938 0.056412615
1548651938 0.05931369
1548651939 0.062168885
1548651939 0.064576015
1548651939 -221.63149193245886
1548651939 0.031886615
1548651939 0.014305649
1548651939 -0.012363987
1548651939 -0.03710629
1548651939 -0.05071012
1548651939 -0.06595584
1548651939 -0.055363093
1548651939 -0.078852646
1548651940 -0.064665586
1548651940 -0.048769113
1548651940 -0.05395808
1548651940 -0.05733999
1548651940 -0.08155748
1548651940 -0.0632826
1548651940 -0.08911514
1548651940 -0.07289069
1548651940 -0.07131234
1548651940 -0.0858359
1548651940 -0.104624614
1548651941 -0.11256515
1548651941 -0.11091948
1548651941 -0.11127604
1548651941 -0.13638256
1548651941 -0.15228179
1548651941 -0.15765461
1548651941 -0.17517331
1548651941 -0.19385928
1548651941 -0.19372919
1548651941 -0.21021335
1548651941 -0.2106397
1548651941 -0.20742334
1548651942 -0.21407995
1548651942 -0.20808707
1548651942 -0.21361502
1548651942 -0.20712462
1548651942 -0.20158377
1548651942 -0.2138072
1548651942 -0.2203744
1548651942 -0.20541906
1548651942 -0.22623247
1548651942 -0.20633084
1548651942 -0.21482444
1548651943 -0.22647582
1548651943 -0.22837026
1548651943 -0.2256843
1548651943 -0.22554591
1548651943 -0.23641966
1548651943 -0.23475307
1548651943 -0.2385453
1548651943 -0.24815668
1548651943 -0.24459706
1548651943 -0.23732008
1548651943 -0.25274622
1548651943 -0.24455318
1548651944 -0.2543538
1548651944 -0.2506347
1548651944 -0.2552511
1548651944 -0.25897983
1548651944 -0.26002264
1548651944 -0.26558402
1548651944 -0.2706181
1548651944 -0.25835055
1548651944 -0.2590891
1548651944 -0.24592201
1548651944 -0.23129436
1548651945 -0.23327194
1548651945 -0.2214259
1548651945 -0.21701054
1548651945 -0.20226087
1548651945 -0.19206132
1548651945 -0.18046188
1548651945 -0.17160797
1548651945 -0.16276737
1548651945 -0.15394174
1548651945 -0.14513272
1548651945 -0.13560097
1548651946 -0.12604748
1548651946 -0.11651148
1548651946 -0.10699539
1548651946 -0.09750081
1548651946 -0.08802979
1548651946 -0.07858409
1548651946 -0.06916582
1548651946 -0.059776872
1548651946 -0.05233237
1548651946 -0.0416151
1548651946 -0.030929975
1548651947 -0.02027918
1548651947 -0.009665791
1548651947 0.00090831483
1548651947 0.010572261
1548651947 0.019063
1548651947 0.027523661
1548651947 0.03595288
1548651947 0.044349685
1548651947 -473.1249639047392
1548651947 0.32442477
1548651947 0.31308585
1548651948 0.28981936
1548651948 0.27965707
1548651948 0.26345748
1548651948 0.23947883
1548651948 0.21491379
1548651948 0.21187773
1548651948 0.2199871
1548651948 0.21022774
1548651948 0.19392523
1548651948 0.19034718
1548651948 0.18318035
1548651949 0.1689285
1548651949 0.15509215
1548651949 0.1503379
1548651949 0.15744689
1548651949 0.15192695
1548651949 0.1372766
1548651949 0.12555426
1548651949 0.111922204
1548651949 0.10145458
1548651949 0.09855562
1548651949 0.08387346
1548651949 0.089421146
1548651950 0.07980956
1548651950 0.06750645
1548651950 0.060678508
1548651950 0.06775667
1548651950 0.062269863
1548651950 0.048573025
1548651950 0.059307933
1548651950 0.058400538
1548651950 0.04503859
1548651950 0.044985004
1548651950 0.039805282
1548651951 0.030657541
1548651951 0.025422316
1548651951 0.007633165
1548651951 -0.006019787
1548651951 -0.016328111
1548651951 -0.03179998
1548651951 -0.03699842
1548651951 -0.03981762
1548651951 -0.05156268
1548651951 -0.060249083
1548651951 -0.056037024
1548651951 -0.072874516
1548651952 -0.082889676
1548651952 -0.09417378
1548651952 -0.108319625
1548651952 -0.11900825
1548651952 -0.12698919
1548651952 -0.14428703
1548651952 -0.15946133
1548651952 -0.16260874
1548651952 -0.15632828
1548651952 -0.1598303
1548651952 -0.17376494
1548651953 -0.18154277
1548651953 -0.1880374
1548651953 -0.18505941
1548651953 -0.19199662
1548651953 -0.1916334
1548651953 -0.18460254
1548651953 -0.19387995
1548651953 -0.19901094
1548651953 -0.19050975
1548651953 -0.19434239
1548651953 -0.18843679
1548651954 -0.18043111
1548651954 -0.18100569
1548651954 -0.17740093
1548651954 -0.17452836
1548651954 -0.17430374
1548651954 -0.18348047
1548651954 -0.1843088
1548651954 -0.17737949
1548651954 -0.15710488
1548651954 -0.13674656
1548651954 -0.116459884
1548651954 -0.096643984
1548651955 -0.076807305
1548651955 -0.056966167
1548651955 -0.037136637
1548651955 -0.017334266
1548651955 0.002425077
1548651955 0.022125734
1548651955 0.041752815
1548651955 0.060953323
1548651955 0.080058075
1548651955 0.09704687
1548651955 0.113381684
1548651956 0.12964094
1548651956 0.1458163
1548651956 0.16218692
1548651956 0.17583255
1548651956 0.18378927
1548651956 0.19238421
1548651956 0.20487538
1548651956 0.21885902
1548651956 0.23270206
1548651956 0.24640001
1548651956 -385.1751740166411
1548651957 0.0009539273
1548651957 0.003683319
1548651957 0.0065441085
1548651957 0.009395054
1548651957 0.012235895
1548651957 0.015066772
1548651957 0.025188131
1548651957 0.019158592
1548651957 0.03239751
1548651957 0.01533949
1548651957 0.034416664
1548651957 0.035120293
1548651958 0.014186181
1548651958 0.03610825
1548651958 0.022304254
1548651958 0.012708612
1548651958 0.027066855
1548651958 0.014786408
1548651958 0.03267344
1548651958 0.022171348
1548651958 0.01605874
1548651958 0.021961635
1548651958 0.021377306
1548651959 0.030749748
1548651959 0.0319631
1548651959 0.0267894
1548651959 0.020455202
1548651959 0.026954114
1548651959 0.04105365
1548651959 0.025066925
1548651959 0.04137511
1548651959 0.027277239
1548651959 0.037365846
1548651959 0.032912046
1548651959 0.05481764
1548651960 0.03434012
1548651960 0.055248827
1548651960 0.045353167
1548651960 0.037255395
1548651960 0.052100115
1548651960 0.033632584
1548651960 0.04783224
1548651960 0.031360544
1548651960 0.046858713
1548651960 0.03455034
1548651960 0.058587406
1548651960 0.04351592
1548651961 0.035687316
1548651961 0.04810851
1548651961 0.032168202
1548651961 0.040949315
1548651961 0.026745062
1548651961 0.047177475
1548651961 0.023157135
1548651961 0.04567802
1548651961 0.05122694
1548651961 0.04984599
1548651961 0.024852252
1548651962 0.048328813
1548651962 0.040270492
1548651962 0.042137247
1548651962 0.044990785
1548651962 0.04657343
1548651962 0.030836709
1548651962 0.03197466
1548651962 0.02372717
1548651962 0.00991326
1548651962 0.00078723556
1548651962 0.010029761
1548651963 0.0024159877
1548651963 0.02520155
1548651963 0.008001313
1548651963 0.00027740744
1548651963 0.02408093
1548651963 0.008240311
1548651963 0.013232845
1548651963 0.032543276
1548651963 0.034480747
1548651963 0.017998321
1548651963 -0.008043973
1548651963 0.012285799
1548651964 0.03997866
1548651964 0.015813522
1548651964 0.0042799744
1548651964 -0.0073038526
1548651964 -0.0045303167
1548651964 -0.022779655
1548651964 -0.023127986
1548651964 -0.020609414
1548651964 -0.005236905
1548651964 0.021990247
1548651965 0.00070065993
1548651965 -0.019843593
1548651965 -0.00040795648
1548651965 0.023672178
1548651965 0.024421208
1548651965 0.016538942
1548651965 0.0053260936
1548651965 -0.014853308
1548651965 0.00374638
1548651965 -0.009567049
1548651965 0.008100451
1548651965 -0.006011621
1548651966 0.0038827686
1548651966 0.0069516664
1548651966 0.0088591855
1548651966 0.0023024336
1548651966 0.017210107
1548651966 0.023689112
1548651966 0.051716372
1548651966 0.024294168
1548651966 0.020012023
1548651966 0.030972421
1548651966 0.030921131
1548651967 0.05524606
1548651967 0.040304895
1548651967 0.047889456
1548651967 0.05372096
1548651967 0.057447307
1548651967 0.056836974
1548651967 0.062161587
1548651967 0.07823518
1548651967 0.07339067
1548651967 0.074293226
1548651967 0.09664219
1548651968 0.09440626
1548651968 0.08357523
1548651968 0.091342725
1548651968 0.089970805
1548651968 0.090108536
1548651968 0.10369126
1548651968 0.09950005
1548651968 0.0942017
1548651968 0.10061905
1548651968 0.12150595
1548651968 0.104671404
1548651969 0.1247937
1548651969 0.10377595
1548651969 0.120478146
1548651969 0.107762516
1548651969 0.12508164
1548651969 0.11030045
1548651969 0.13443004
1548651969 0.13046688
1548651969 0.12950909
1548651969 0.12652563
1548651969 0.12808995
1548651970 0.11789553
1548651970 0.1271263
1548651970 0.121993564
1548651970 0.12904797
1548651970 0.15076008
1548651970 0.12856066
1548651970 0.14577568
1548651970 0.13804832
1548651970 0.1334571
1548651970 0.14091074
1548651970 0.1616659
1548651970 0.15078749
1548651971 0.14839587
1548651971 0.16497701
1548651971 0.15735832
1548651971 0.15712553
1548651971 0.1599534
1548651971 0.15329275
1548651971 0.16590327
1548651971 0.16592908
1548651971 0.16719009
1548651971 0.18318458
1548651971 0.18063915
1548651972 0.17727546
1548651972 0.1970261
1548651972 0.19649677
1548651972 0.19891271
1548651972 0.18292898
1548651972 0.20420182
1548651972 0.20200929
1548651972 0.19812532
1548651972 0.19392669
1548651972 0.21688884
1548651972 0.21029161
1548651973 0.20385
1548651973 0.23119262
1548651973 0.22159061
1548651973 0.21752083
1548651973 0.21238671
1548651973 0.19988647
1548651973 0.21679302
1548651973 0.19655593
1548651973 0.18383072
1548651973 0.19135897
1548651973 0.18975839
1548651973 0.21210004
1548651974 0.20545967
1548651974 0.18835884
1548651974 0.20808224
1548651974 0.20533714
1548651974 0.198729
1548651974 0.19260795
1548651974 0.19334798
1548651974 0.17321233
1548651974 0.17662998
1548651974 0.16061701
1548651974 0.15640207
1548651975 0.13682741
1548651975 0.15959811
1548651975 0.15219542
1548651975 0.14436136
1548651975 0.12523918
1548651975 0.15013373
1548651975 0.1764414
1548651975 0.16594191
1548651975 0.14794482
1548651975 0.13652812
1548651975 0.15992916
1548651976 0.13647512
1548651976 0.12491634
1548651976 0.15489942
1548651976 0.1663144
1548651976 0.17963164
1548651976 0.19465588
1548651976 0.23114304
1548651976 0.26361042
1548651976 0.27746275
1548651976 0.2904495
1548651976 0.29647323
1548651976 0.3158021
1548651977 0.3330702
1548651977 0.35690555
1548651977 0.37960893
1548651977 0.40755913
1548651977 0.43206614
1548651977 0.4447635
1548651977 0.46997392
1548651977 0.50057864
1548651977 0.5214216
1548651977 0.54967105
1548651977 0.5760754
1548651978 -1250.8178177686555
1548651978 0.02357621
1548651978 0.029068135
1548651978 0.034543756
1548651978 0.039969735
1548651978 0.045109354
1548651978 0.05022259
1548651978 0.055309117
1548651978 0.060368583
1548651978 0.06540115
1548651978 0.08029386
1548651979 0.06374622
1548651979 0.07994285
1548651979 0.078144334
1548651979 0.05904504
1548651979 0.06757372
1548651979 0.06432609
1548651979 0.06160593
1548651979 0.081623994
1548651979 0.076842934
1548651979 0.062714234
1548651979 0.073943265
1548651980 0.066460855
1548651980 0.074001074
1548651980 0.0726489
1548651980 0.09359816
1548651980 0.082087345
1548651980 0.07653233
1548651980 0.09751774
1548651980 0.07133367
1548651980 0.0862363
1548651980 0.071147844
1548651980 0.0828445
1548651980 0.06934776
1548651981 0.07828734
1548651981 0.07208183
1548651981 0.09151035
1548651981 0.09495404
1548651981 0.08979819
1548651981 0.070975274
1548651981 0.08611537
1548651981 0.07237352
1548651981 0.08072798
1548651981 0.07938405
1548651981 0.07800044
1548651982 0.06885614
1548651982 0.076300636
1548651982 0.08982378
1548651982 0.085670136
1548651982 0.113671035
1548651982 0.12764625
1548651982 0.101577014
1548651982 0.06951548
1548651982 0.09155066
1548651982 0.064698376
1548651982 0.08543422
1548651983 0.08005237
1548651983 0.053687047
1548651983 0.06895708
1548651983 0.09164691
1548651983 0.11408634
1548651983 0.10228204
1548651983 0.10068599
1548651983 0.08511849
1548651983 0.076791175
1548651983 0.06799452
1548651983 0.055005245
1548651984 0.07547545
1548651984 0.092601396
1548651984 0.081873484
1548651984 0.09873446
1548651984 0.06908671
1548651984 0.06259091
1548651984 0.084655575
1548651984 0.081708774
1548651984 0.060665898
1548651984 0.07340386
1548651984 0.062030844
1548651984 0.07985561
1548651985 0.078372926
1548651985 0.07950157
1548651985 0.0831655
1548651985 0.06783079
1548651985 0.06058801
1548651985 0.06574239
1548651985 0.08335744
1548651985 0.064400695
1548651985 0.08120477
1548651985 0.06282056
1548651985 0.07276329
1548651986 0.07057262
1548651986 0.06834603
1548651986 0.07372343
1548651986 0.092751406
1548651986 0.0887421
1548651986 0.11835659
1548651986 0.108517215
1548651986 0.0811706
1548651986 0.08137958
1548651986 0.073403835
1548651986 0.08898901
1548651987 0.07466026
1548651987 0.08621804
1548651987 0.07066873
1548651987 0.08125737
1548651987 0.104860455
1548651987 0.08903051
1548651987 0.077805795
1548651987 0.09532485
1548651987 0.07759781
1548651987 0.09646486
1548651987 0.082190916
1548651987 0.094917655
1548651988 0.09296047
1548651988 0.11156959
1548651988 0.10291879
1548651988 0.10405626
1548651988 0.08895491
1548651988 0.09534405
1548651988 0.0918465
1548651988 0.09789539
1548651988 0.11291055
1548651988 0.10375344
1548651988 0.12267829
1548651989 0.1081835
1548651989 0.124892995
1548651989 0.11390532
1548651989 0.13551049
1548651989 0.13546623
1548651989 0.1319784
1548651989 0.12558502
1548651989 0.14293116
1548651989 0.12355725
1548651989 0.1325118
1548651989 0.12998301
1548651990 0.14243643
1548651990 0.13585922
1548651990 0.15041094
1548651990 0.15336637
1548651990 0.13776518
1548651990 0.15726921
1548651990 0.13717553
1548651990 0.13417645
1548651990 0.14812782
1548651990 0.13576493
1548651990 0.1439467
1548651991 0.13703765
1548651991 0.15479784
1548651991 0.17428023
1548651991 0.150568
1548651991 0.1348257
1548651991 0.14191194
1548651991 0.12963496
1548651991 0.13531618
1548651991 0.12520835
1548651991 0.13482358
1548651991 0.11821636
1548651992 0.12905803
1548651992 0.12441041
1548651992 0.13930777
1548651992 0.16326691
1548651992 0.13756686
1548651992 0.1158693
1548651992 0.12896526
1548651992 0.12289684
1548651992 0.13845183
1548651992 0.13798729
1548651992 0.13159797
1548651993 0.12870261
1548651993 0.13418487
1548651993 0.123884216
1548651993 0.09882478
1548651993 0.099469826
1548651993 0.09998039
1548651993 0.08557251
1548651993 0.102553025
1548651993 0.087138414
1548651993 0.08332202
1548651993 0.09273589
1548651994 0.07620351
1548651994 0.07697096
1548651994 0.057618618
1548651994 0.04002153
1548651994 0.06589895
1548651994 0.061051976
1548651994 0.09682503
1548651994 0.105952956
1548651994 0.09184416
1548651994 0.083148815
1548651994 0.08725275
1548651995 0.07436796
1548651995 0.07112563
1548651995 0.046032563
1548651995 0.035994966
1548651995 0.027696883
1548651995 0.02058484
1548651995 0.011728455
1548651995 0.0061546075
1548651995 0.0001470372
1548651995 -0.010066288
1548651995 0.0057618045
1548651996 0.015520369
1548651996 0.015481582
1548651996 -540.480037959355
1548651996 0.18016998
1548651996 0.14644438
1548651996 0.1430692
1548651996 0.10663076
1548651996 0.09593152
1548651996 0.100263216
1548651996 0.067175314
1548651997 0.042569928
1548651997 0.06872094
1548651997 0.04049947
1548651997 0.06643001
1548651997 0.039586697
1548651997 0.05838598
1548651997 0.035440817
1548651997 0.048012547
1548651997 0.037617054
1548651997 0.06891464
1548651998 0.036916636
1548651998 0.066304214
1548651998 0.06975002
1548651998 0.060727935
1548651998 0.03743624
1548651998 0.049306422
1548651998 0.03194789
1548651998 0.047582433
1548651998 0.03430639
1548651998 0.052861307
1548651998 0.05461255
1548651999 0.026798205
1548651999 0.028974473
1548651999 0.057601523
1548651999 0.055275243
1548651999 0.0899557
1548651999 0.07837984
1548651999 0.044628464
1548651999 0.04052269
1548651999 0.027175408
1548651999 0.04303409
1548651999 0.029529773
1548652000 0.03908883
1548652000 0.030902533
1548652000 0.052657574
1548652000 0.035762228
1548652000 0.06548056
1548652000 0.09289804
1548652000 0.073560975
1548652000 0.06399727
1548652000 0.04247449
1548652000 0.029249994
1548652000 0.035699066
1548652001 0.03416989
1548652001 0.060084008
1548652001 0.045040883
1548652001 0.03966046
1548652001 0.050999794
1548652001 0.043590438
1548652001 0.04591849
1548652001 0.049952317
1548652001 0.057549834
1548652001 0.067676045
1548652001 0.09160604
1548652002 0.08873517
1548652002 0.06902092
1548652002 0.087607265
1548652002 0.08471442
1548652002 0.08233102
1548652002 0.10350537
1548652002 0.12850961
1548652002 0.13231272
1548652002 0.10409869
1548652002 0.10270731
1548652002 0.08442938
1548652003 0.096570596
1548652003 0.09700763
1548652003 0.085129395
1548652003 0.090233825
1548652003 0.115476266
1548652003 0.10749151
1548652003 0.09189316
1548652003 0.11644505
1548652003 0.09779907
1548652003 0.08471751
1548652004 0.081410855
1548652004 0.10342971
1548652004 0.085128926
1548652004 0.08502933
1548652004 0.10189266
1548652004 0.09132138
1548652004 0.09295567
1548652004 0.10107816
1548652004 0.12104535
1548652004 0.10739752
1548652004 0.11317018
1548652005 0.104960576
1548652005 0.109716244
1548652005 0.13348262
1548652005 0.12229463
1548652005 0.10294255
1548652005 0.114509456
1548652005 0.09875876
1548652005 0.11290946
1548652005 0.11348432
1548652005 0.11119502
1548652005 0.13854893
1548652006 0.1336523
1548652006 0.11972396
1548652006 0.14218369
1548652006 0.10775611
1548652006 0.098393835
1548652006 0.10414484
1548652006 0.0938568
1548652006 0.11137173
1548652006 0.09108789
1548652006 0.10831879
1548652006 0.089896515
1548652007 0.10624535
1548652007 0.10056928
1548652007 0.09305456
1548652007 0.07295508
1548652007 0.08848734
1548652007 0.08055231
1548652007 0.10265342
1548652007 0.10279495
1548652007 0.13630103
1548652007 0.13812673
1548652007 0.11090874
1548652008 0.1021569
1548652008 0.1130676
1548652008 0.083031274
1548652008 0.0801971
1548652008 0.07142858
1548652008 0.053522747
1548652008 0.023736179
1548652008 0.016759127
1548652008 0.04435333
1548652008 0.04108198
1548652008 0.041816052
1548652009 0.021019751
1548652009 0.03698814
1548652009 0.04476534
1548652009 0.054305844
1548652009 0.050844148
1548652009 0.047484882
1548652009 0.033654496
1548652009 0.045169584
1548652009 0.023413124
1548652009 -467.9160015603657
1548652010 0.007690084
1548652010 0.013461691
1548652010 0.019204922
1548652010 0.024908079
1548652010 0.03260452
1548652010 0.03849557
1548652010 0.04434759
1548652010 0.0710361
1548652010 0.06655785
1548652010 0.06841744
1548652010 0.054481313
1548652011 0.08170342
1548652011 0.057365846
1548652011 0.07365754
1548652011 0.06307311
1548652011 0.071160115
1548652011 0.060712066
1548652011 0.065310895
1548652011 0.05657353
1548652011 0.06572828
1548652011 0.059420522
1548652012 0.074393936
1548652012 0.06847879
1548652012 0.058140635
1548652012 0.063981205
1548652012 0.08520085
1548652012 0.09159349
1548652012 0.062360626
1548652012 0.08508531
1548652012 0.075852394
1548652012 0.0608698
1548652012 0.08354918
1548652013 0.05928418
1548652013 0.046020005
1548652013 0.060357824
1548652013 0.046780065
1548652013 0.05212732
1548652013 0.075741425
1548652013 0.062357448
1548652013 0.060464974
1548652013 0.08433897
1548652013 0.058042884
1548652013 0.04653356
1548652014 0.038866874
1548652014 0.053394027
1548652014 0.03956621
1548652014 0.057927668
1548652014 0.048166912
1548652014 0.0427056
1548652014 0.065395296
1548652014 0.054026745
1548652014 0.045617398
1548652014 0.04741822
1548652014 0.07725792
1548652015 0.062707685
1548652015 0.06380609
1548652015 0.044833206
1548652015 0.052160442
1548652015 0.03888383
1548652015 0.06940293
1548652015 0.06309685
1548652015 0.042047687
1548652015 0.054973073
1548652015 0.0626004
1548652015 0.07139355
1548652016 0.07003714
1548652016 0.042048354
1548652016 0.012945017
1548652016 0.017364036
1548652016 0.0043218383
1548652016 -0.0004445388
1548652016 -0.007991098
1548652016 -0.0037711156
1548652016 0.004666786
1548652016 -0.0021405409
1548652017 -0.008096927
1548652017 -0.00074612326
1548652017 -0.003978805
1548652017 0.00077362335
1548652017 0.011622784
1548652017 0.012119503
1548652017 0.017953603
1548652017 0.022002937
1548652017 0.019815464
1548652017 0.029569978
1548652017 0.037447542
1548652018 0.046009485
1548652018 0.049388528
1548652018 0.0468
1548652018 -725.6858131068328
1548652018 -0.004192655
1548652018 -0.0317312
1548652018 -0.052931048
1548652018 -0.055653796
1548652018 -0.06616203
1548652018 -0.07975403
1548652019 -0.07395843
1548652019 -0.08202142
1548652019 -0.0970076
1548652019 -0.08099889
1548652019 -0.08507497
1548652019 -0.10954282
1548652019 -0.11849894
1548652019 -0.11353349
1548652019 -0.124902405
1548652019 -0.110832915
1548652019 -0.11379167
1548652020 -0.13574123
1548652020 -0.11904104
1548652020 -0.1425903
1548652020 -0.16173843
1548652020 -0.15128171
1548652020 -0.13635676
1548652020 -0.15130623
1548652020 -0.16515647
1548652020 -0.15051508
1548652020 -0.16119362
1548652021 -0.17905131
1548652021 -0.19366902
1548652021 -0.18959084
1548652021 -0.17461745
1548652021 -0.17798059
1548652021 -0.19847205
1548652021 -0.1838858
1548652021 -0.18857653
1548652021 -0.20225579
1548652021 -0.2136009
1548652021 -0.20892425
1548652022 -0.21371183
1548652022 -0.20407417
1548652022 -0.21620372
1548652022 -0.20526648
1548652022 -0.21158412
1548652022 -0.19704239
1548652022 -0.20938413
1548652022 -0.22652782
1548652022 -0.21348657
1548652022 -0.21094222
1548652023 -0.22419572
1548652023 -0.2302835
1548652023 -0.24160096
1548652023 -0.25207838
1548652023 -0.24534877
1548652023 -0.25111836
1548652023 -0.23956674
1548652023 -0.2508812
1548652023 -0.25544173
1548652023 -0.26411062
1548652023 -0.2604384
1548652024 -0.26982135
1548652024 -0.2668886
1548652024 -0.2640024
1548652024 -0.26072946
1548652024 -0.25756648
1548652024 -0.27010933
1548652024 -0.27945012
1548652024 -0.29128823
1548652024 -0.2872407
1548652024 -0.28086838
1548652024 -0.29100373
1548652025 -0.29992893
1548652025 -0.30120608
1548652025 -0.29461554
1548652025 -0.29661733
1548652025 -0.30017313
1548652025 -0.29354444
1548652025 -0.29899088
1548652025 -0.29488248
1548652025 -0.2907958
1548652025 -0.28673095
1548652026 -0.2826889
1548652026 -0.27866957
1548652026 -0.27372053
1548652026 -0.27588823
1548652026 -0.27207163
1548652026 -0.26827973
1548652026 -0.26451236
1548652026 -0.26037917
1548652026 -0.2548434
1548652026 -0.260233
1548652026 -0.2556967
1548652027 -0.2511817
1548652027 -0.24584319
1548652027 -0.2463536
1548652027 -0.2418443
1548652027 -0.23735708
1548652027 -0.23247741
1548652027 -0.23553301
1548652027 -0.23092644
1548652027 -0.22634244
1548652027 -0.22282259
1548652027 -528.5498614157224
1548652028 0.08359049
1548652028 0.06337535
1548652028 0.04757995
1548652028 0.04056861
1548652028 0.024349248
1548652028 0.019197583
1548652028 0.018590609
1548652028 0.024558328
1548652028 0.013835104
1548652028 0.0064499667
1548652029 -0.018047957
1548652029 -0.038488723
1548652029 -0.03760396
1548652029 -0.06602489
1548652029 -0.08432813
1548652029 -0.10357748
1548652029 -0.120887
1548652029 -0.14865172
1548652029 -0.16289064
1548652029 -0.15374088
1548652029 -0.17014384
1548652030 -0.16113096
1548652030 -0.18075347
1548652030 -0.16696607
1548652030 -0.17311962
1548652030 -0.19136432
1548652030 -0.19062443
1548652030 -0.20615369
1548652030 -0.21583383
1548652030 -0.22735743
1548652030 -0.23744066
1548652031 -0.23873967
1548652031 -0.22554545
1548652031 -0.24312444
1548652031 -0.22907743
1548652031 -0.2478738
1548652031 -0.23399901
1548652031 -0.24589941
1548652031 -0.24645342
1548652031 -0.25060967
1548652031 -0.24815802
1548652032 -0.26066172
1548652032 -0.25167853
1548652032 -0.26860404
1548652032 -0.2598942
1548652032 -0.27262753
1548652032 -0.26442933
1548652032 -0.26757833
1548652032 -0.264377
1548652032 -0.25541648
1548652032 -0.24646595
1548652032 -0.23752742
1548652033 -0.22917363
1548652033 -0.22314577
1548652033 -0.21784736
1548652033 -0.21257092
1548652033 -0.2071866
1548652033 -0.21357451
1548652033 -0.20779477
1548652033 -0.20203526
1548652033 -0.19629669
1548652033 -0.19057968
1548652034 -0.18289377
1548652034 -0.18453082
1548652034 -0.17883708
1548652034 -0.1727954
1548652034 -0.16677538
1548652034 -0.16077751
1548652034 -0.15480231
1548652034 -0.14885059
1548652034 -0.14292265
1548652034 -0.13701934
1548652034 -0.1299959
1548652035 -0.13026851
1548652035 -0.13061315
1548652035 -0.1243677
1548652035 -0.11814736
1548652035 -0.11195282
1548652035 -0.10578459
1548652035 -0.099643454
1548652035 -0.09352991
1548652035 -0.0882357
1548652035 -0.082172625
1548652035 -0.07947873
1548652036 -0.07530634
1548652036 -0.06824344
1548652036 -0.07234302
1548652036 -0.06845578
1548652036 -0.061405413
1548652036 -0.063590564
1548652036 -0.059534173
1548652036 -0.051561784
1548652036 -0.05518619
1548652036 -0.050968986
1548652037 -0.04638143
1548652037 -0.038927637
1548652037 -0.031501014
1548652037 -0.024102584
1548652037 -0.016225193
1548652037 -0.008285161
1548652037 -0.00037307286
1548652037 0.0076485565
1548652037 0.016114872
1548652037 0.024559429
1548652037 0.034211893
1548652038 0.049149644
1548652038 0.06406312
1548652038 0.078945115
1548652038 -388.63775897513176
1548652038 -0.018121462
1548652038 -0.011564571
1548652038 -0.008620957
1548652038 0.022210585
1548652038 -0.0056852675
1548652038 0.023775565
1548652039 0.021034667
1548652039 0.02653558
1548652039 0.013210287
1548652039 0.01046106
1548652039 0.025072118
1548652039 0.05698385
1548652039 0.046798248
1548652039 0.04321952
1548652039 0.032616634
1548652039 0.016825382
1548652040 0.047367305
1548652040 0.01743261
1548652040 0.023821285
1548652040 0.007228449
1548652040 0.022976724
1548652040 0.01366969
1548652040 0.022308579
1548652040 0.045095533
1548652040 0.024659056
1548652040 0.04693262
1548652041 0.035206098
1548652041 0.021603491
1548652041 0.01650182
1548652041 0.025089743
1548652041 0.023337107
1548652041 0.026986394
1548652041 0.0025566386
1548652041 -0.007282024
1548652041 -0.02670619
1548652041 -0.007849904
1548652041 0.013117611
1548652042 -0.0024082689
1548652042 -0.015556151
1548652042 -0.030668605
1548652042 -0.011860946
1548652042 -0.016600199
1548652042 -0.021057023
1548652042 -0.031341907
1548652042 -0.05648857
1548652042 -0.050946042
1548652042 -0.056853928
1548652043 -0.052650563
1548652043 -0.060610533
1548652043 -0.05558926
1548652043 -0.06790981
1548652043 -0.067008615
1548652043 -0.06888053
1548652043 -0.062546775
1548652043 -0.06414535
1548652043 -0.07069366
1548652043 -0.07183568
1548652043 -0.07153979
1548652044 -0.05783025
1548652044 -0.06372762
1548652044 -0.058499992
1548652044 -0.052265532
1548652044 -0.055574015
1548652044 -0.048299916
1548652044 -0.03833994
1548652044 -0.025157087
1548652044 -0.011437177
1548652044 -0.015361142
1548652045 -0.0049230577
1548652045 -0.008270835
1548652045 -0.00073374785
1548652045 0.0075439718
1548652045 0.013486417
1548652045 0.0156796
1548652045 0.02056675
1548652045 -725.3916773115919
1548652045 0.27376774
1548652045 0.2585136
1548652046 0.24203616
1548652046 0.22752084
1548652046 0.21231608
1548652046 0.20536318
1548652046 0.18916744
1548652046 0.1744345
1548652046 0.15430906
1548652046 0.14733778
1548652046 0.1319254
1548652046 0.113370426
1548652047 0.09610094
1548652047 0.091464646
1548652047 0.08819099
1548652047 0.07208163
1548652047 0.064606555
1548652047 0.07270079
1548652047 0.05293713
1548652047 0.057381496
1548652047 0.039536618
1548652047 0.032327443
1548652047 0.021094551
1548652048 0.017202608
1548652048 0.0139269605
1548652048 0.006224909
1548652048 -0.010869767
1548652048 -0.019458257
1548652048 -0.024952304
1548652048 -0.028856017
1548652048 -0.03994086
1548652048 -0.05668203
1548652048 -0.062323436
1548652049 -0.076227516
1548652049 -0.08088364
1548652049 -0.07829931
1548652049 -0.09210989
1548652049 -0.102463864
1548652049 -0.11884745
1548652049 -0.1376359
1548652049 -0.13160771
1548652049 -0.14119087
1548652049 -0.14898376
1548652050 -0.1529008
1548652050 -0.16233517
1548652050 -0.17192559
1548652050 -0.17998376
1548652050 -0.19089943
1548652050 -0.1910632
1548652050 -0.20007513
1548652050 -0.19637667
1548652050 -0.18525665
1548652050 -0.18942513
1548652051 -0.1926758
1548652051 -0.19679883
1548652051 -0.19267105
1548652051 -0.18224439
1548652051 -0.18736951
1548652051 -0.19333552
1548652051 -0.19175345
1548652051 -0.18996492
1548652051 -0.18926394
1548652051 -0.19261326
1548652052 -0.18003662
1548652052 -0.18773946
1548652052 -0.18984869
1548652052 -0.18929088
1548652052 -0.18665066
1548652052 -0.18454333
1548652052 -0.17961694
1548652052 -0.17997949
1548652052 -0.18079872
1548652052 -0.18026663
1548652053 -0.1702648
1548652053 -0.17873232
1548652053 -0.17011301
1548652053 -0.16409126
1548652053 -0.14177562
1548652053 -0.13593164
1548652053 -0.12481333
1548652053 -0.117637396
1548652053 -0.10922405
1548652053 -0.103845626
1548652054 -0.1134215
1548652054 -0.122637846
1548652054 -0.12112156
1548652054 -0.09310271
1548652054 -0.106203265
1548652054 -0.06383604
1548652054 -0.0848224
1548652054 -0.09754998
1548652054 -0.09631588
1548652054 -0.097666584
1548652055 -0.07670776
1548652055 -0.08772252
1548652055 -0.09538052
1548652055 -0.09068552
1548652055 -0.0758842
1548652055 -0.06342944
1548652055 -0.051790103
1548652055 -0.03900483
1548652055 -0.026498592
1548652055 -0.0026936466
1548652056 0.034010265
1548652056 0.06761926
1548652056 0.09510212
1548652056 0.11744445
1548652056 0.14104792
1548652056 0.16628148
1548652056 0.19276203
1548652056 -384.73689419538147
1548652056 0.0043979147
1548652057 0.009052528
1548652057 0.013646821
1548652057 0.018173316
1548652057 0.022632308
1548652057 0.027023604
1548652057 0.03145888
1548652057 0.05361471
1548652057 0.05516117
1548652057 0.05842868
1548652057 0.07401965
1548652057 0.07135129
1548652058 0.09219078
1548652058 0.07648029
1548652058 0.08845922
1548652058 0.1122044
1548652058 0.08609701
1548652058 0.10172179
1548652058 0.083834305
1548652058 0.10754713
1548652058 0.09411605
1548652058 0.09406841
1548652059 0.073691495
1548652059 0.06075129
1548652059 0.08262237
1548652059 0.075649574
1548652059 0.10074135
1548652059 0.09667128
1548652059 0.08545511
1548652059 0.08935346
1548652059 0.086446345
1548652059 0.06067475
1548652060 0.04628243
1548652060 0.03277318
1548652060 0.057521358
1548652060 0.026433937
1548652060 0.050170228
1548652060 0.029511236
1548652060 0.0060698832
1548652060 0.02720897
1548652060 0.008389119
1548652060 0.026859652
1548652061 0.033908516
1548652061 0.043909736
1548652061 0.034756467
1548652061 0.010686548
1548652061 0.00014626978
1548652061 0.0014210779
1548652061 0.026799241
1548652061 0.00845894
1548652061 -0.012066508
1548652061 -0.019337745
1548652062 -0.023038875
1548652062 -0.022582756
1548652062 -0.028940683
1548652062 -0.020316374
1548652062 -0.019629471
1548652062 0.006989193
1548652062 -0.0130442865
1548652062 -0.01657702
1548652062 -0.020806935
1548652062 -0.025950905
1548652063 -0.022833496
1548652063 -0.031826135
1548652063 -0.030546864
1548652063 -0.038545746
1548652063 -0.03789781
1548652063 -0.031120125
1548652063 -0.03806705
1548652063 -0.036665272
1548652063 -0.03680518
1548652063 -0.035506118
1548652064 -0.03819161
1548652064 -0.035996724
1548652064 -0.037849117
1548652064 -0.047454048
1548652064 -0.046152804
1548652064 -0.05372025
1548652064 -0.057486016
1548652064 -598.6243375836835
1548652064 0.08114205
1548652064 0.065962374
1548652065 0.052557074
1548652065 0.047830354
1548652065 0.034384217
1548652065 0.03302727
1548652065 0.01766144
1548652065 0.014003187
1548652065 0.015881699
1548652065 0.011211014
1548652065 0.0050882176
1548652065 -0.008576607
1548652066 -0.006696377
1548652066 -0.016400965
1548652066 -0.014711078
1548652066 -0.017972276
1548652066 -0.030449927
1548652066 -0.028268289
1548652066 -0.033312794
1548652066 -0.038327686
1548652066 -0.045956872
1548652066 -0.058384206
1548652067 -0.065869585
1548652067 -0.0716172
1548652067 -0.08611079
1548652067 -0.10155399
1548652067 -0.11137737
1548652067 -0.11896338
1548652067 -0.14028989
1548652067 -0.13499738
1548652067 -0.13831933
1548652067 -0.15111355
1548652068 -0.15546304
1548652068 -0.16382243
1548652068 -0.1774694
1548652068 -0.18965204
1548652068 -0.19952978
1548652068 -0.21908046
1548652068 -0.20730343
1548652068 -0.19324276
1548652068 -0.19788726
1548652068 -0.20252769
1548652069 -0.20744804
1548652069 -0.21254265
1548652069 -0.21832378
1548652069 -0.21698356
1548652069 -0.21414511
1548652069 -0.22053026
1548652069 -0.22077501
1548652069 -0.21721032
1548652069 -0.21033438
1548652069 -0.20505062
1548652070 -0.20299166
1548652070 -0.19547594
1548652070 -0.19428177
1548652070 -0.17836732
1548652070 -0.18083051
1548652070 -0.18880633
1548652070 -0.19805993
1548652070 -0.20100439
1548652070 -0.19569479
1548652071 -0.18901837
1548652071 -0.18390882
1548652071 -0.17743105
1548652071 -0.1699808
1548652071 -0.15335831
1548652071 -0.15401244
1548652071 -0.1548018
1548652071 -0.110919036
1548652071 -0.11892236
1548652071 -0.12450814
1548652072 -0.12712924
1548652072 -0.13745773
1548652072 -0.11443233
1548652072 -0.12871364
1548652072 -0.11747657
1548652072 -0.10699847
1548652072 -0.09685828
1548652072 -0.08575992
1548652072 -0.07249511
1548652072 -0.059255775
1548652073 -0.04604667
1548652073 -0.033815667
1548652073 -0.025928047
1548652073 -0.020013174
1548652073 -343.21032402866746
