1548651790 -746.1019139139295
1548651795 -603.2463392541963
1548651805 -840.9690287446363
1548651811 -584.6754682898509
1548651816 -439.34764771958265
1548651826 -858.6133597121197
1548651834 -340.5345037440655
1548651839 -465.4058159186444
1548651847 -727.5261082637769
1548651861 -870.1596548845997
1548651871 -602.8079226259233
1548651877 -403.68877958954664
1548651884 -423.81204048605895
1548651902 -550.6917133688214
1548651910 -410.84101900048717
1548651923 -417.46788838172654
1548651939 -228.8210556444762
1548651947 -322.95482484643776
1548651956 -283.3515210502011
1548651978 -836.3186907135527
1548651996 -452.45713270936227
1548652009 -321.975299130543
1548652018 -411.2633564779515
1548652028 -329.3195721798266
1548652038 -249.70778963539158
1548652045 -407.5319991012873
1548652056 -251.764677044449
1548652064 -343.5140503891432
1548652073 -210.56038793909704
