1548651783 -0.56342727
1548651783 -0.554039
1548651783 -0.53987724
1548651783 -0.5309584
1548651783 -0.51822567
1548651783 -0.5007472
1548651783 -0.4932439
1548651783 -0.47382268
1548651783 -0.4508617
1548651783 -0.44436267
1548651783 -0.43325254
1548651783 -0.412409
1548651783 -0.41098553
1548651784 -0.39841765
1548651784 -0.39719617
1548651784 -0.3925605
1548651784 -0.38374513
1548651784 -0.37440285
1548651784 -0.36419284
1548651784 -0.35774
1548651784 -0.36694804
1548651784 -0.36622033
1548651784 -0.35994962
1548651784 -0.3642622
1548651784 -0.36240804
1548651784 -0.35875
1548651784 -0.3572569
1548651784 -0.34825364
1548651784 -0.34777758
1548651784 -0.35148
1548651785 0.8020561
1548651785 -0.36231261
1548651785 -0.3634337
1548651785 -0.35419375
1548651785 -0.35481468
1548651785 -0.36092302
1548651785 -0.36642072
1548651785 -0.3602655
1548651785 -0.36262408
1548651785 -0.36383283
1548651785 -0.3611661
1548651785 -0.3645074
1548651785 -0.3641175
1548651785 -0.3617581
1548651785 -0.372245
1548651785 -0.364893
1548651785 -0.3570464
1548651786 -0.3628666
1548651786 -0.3673641
1548651786 -0.3638463
1548651786 -0.36745062
1548651786 -0.36660212
1548651786 -0.36625177
1548651786 -0.36852396
1548651786 -0.37091696
1548651786 -0.37354577
1548651786 -0.36687794
1548651786 -0.3673702
1548651786 -0.36559469
1548651786 -0.35867688
1548651786 -0.3574658
1548651786 -0.3618323
1548651786 -0.3627862
1548651786 -0.36250234
1548651787 -0.36634573
1548651787 -0.36406106
1548651787 -0.36773148
1548651787 -0.3653407
1548651787 -0.3639936
1548651787 -0.3718593
1548651787 -0.37730685
1548651787 -0.38324112
1548651787 -0.38407904
1548651787 -0.3819937
1548651787 -0.3881852
1548651787 -0.3959307
1548651787 -0.39083448
1548651787 -0.38536528
1548651787 -0.38984582
1548651787 -0.38393563
1548651787 -0.38109004
1548651788 -0.37550637
1548651788 -0.3759321
1548651788 -0.3728688
1548651788 -0.38214013
1548651788 -0.38995695
1548651788 -0.3899046
1548651788 -0.3910495
1548651788 -0.3995471
1548651788 -0.39850464
1548651788 -0.39424774
1548651788 -1.3718743
1548651788 -0.42081806
1548651788 -0.42407164
1548651788 -1.1738008
1548651788 -0.44912174
1548651788 -1.038417
1548651788 -0.47602874
1548651789 -0.47372353
1548651789 -0.47540063
1548651789 -0.49088407
1548651789 -0.4923636
1548651789 -0.4949393
1548651789 -0.49523994
1548651789 -0.504695
1548651789 -1.0545639
1548651789 -0.5382731
1548651789 -0.54211384
1548651789 -0.55160964
1548651789 -0.552965
1548651789 -0.5537964
1548651789 -0.56817466
1548651789 -0.5782329
1548651789 -0.57701683
1548651789 -0.5789351
1548651790 -0.575864
1548651790 -0.5759924
1548651790 -0.58489305
1548651790 -0.59563726
1548651790 -0.5960917
1548651790 -0.38236743
1548651790 -0.3752528
1548651790 -0.37277895
1548651790 -0.3647436
1548651790 -0.35172635
1548651790 -0.35292017
1548651790 -0.34432885
1548651790 -0.33804083
1548651790 -0.33240563
1548651790 -0.33552888
1548651791 -0.33443904
1548651791 -0.33125606
1548651791 -0.33173415
1548651791 -0.32984206
1548651791 -0.32086453
1548651791 -0.32002342
1548651791 -0.31720605
1548651791 -0.30739436
1548651791 -0.30419022
1548651791 -0.29652596
1548651791 -0.29155546
1548651791 -0.28015137
1548651791 -0.278344
1548651791 -0.2820959
1548651791 0.5975835
1548651792 -0.2898172
1548651792 -0.28163034
1548651792 -0.27494824
1548651792 -0.2732417
1548651792 -0.27146187
1548651792 -0.2693384
1548651792 -0.26871076
1548651792 -0.26083353
1548651792 -0.2552787
1548651792 -0.2509548
1548651792 -0.24397197
1548651792 -0.23278765
1548651792 -0.22329359
1548651792 -0.22186877
1548651792 -0.21729864
1548651792 -0.21137805
1548651793 -0.21252638
1548651793 -0.20650199
1548651793 -0.21183495
1548651793 -0.20896955
1548651793 -0.20284732
1548651793 -0.19903739
1548651793 -0.19485591
1548651793 -0.18569723
1548651793 -0.20070814
1548651793 -0.20050192
1548651793 -0.19164877
1548651793 -0.19435462
1548651793 -0.18630578
1548651793 -0.19089395
1548651793 -0.183901
1548651793 -0.18170263
1548651794 -0.17252916
1548651794 -0.1741263
1548651794 -0.17953584
1548651794 -2.2451112
1548651794 -0.18701883
1548651794 -0.19410291
1548651794 -0.20062831
1548651794 -0.2000319
1548651794 -0.19467187
1548651794 -0.19739854
1548651794 -0.19420417
1548651794 -0.18868347
1548651794 -0.19107004
1548651794 -0.19455539
1548651794 -0.20183259
1548651794 -0.1962095
1548651794 -0.20171313
1548651795 -0.1931368
1548651795 -0.18730573
1548651795 -0.19035642
1548651795 -0.19802098
1548651795 -0.19576693
1548651795 -0.18588386
1548651795 -0.18522443
1548651795 -0.1932043
1548651795 -0.19978864
1548651795 -0.19738789
1548651795 -0.75426835
1548651795 -0.7488969
1548651795 -0.7497327
1548651795 -0.7532549
1548651795 -0.7436874
1548651796 -0.74087346
1548651796 -0.7392765
1548651796 -0.7303986
1548651796 -0.7169391
1548651796 -0.71527594
1548651796 -0.7104707
1548651796 -0.7027991
1548651796 -0.70079607
1548651796 -0.6912252
1548651796 -0.6882401
1548651796 -0.68851584
1548651796 -0.68499017
1548651796 -0.67802685
1548651796 -0.6750326
1548651796 -0.6733746
1548651796 -0.65864235
1548651797 -0.6571126
1548651797 -0.65190554
1548651797 -0.65126
1548651797 -0.6594157
1548651797 -0.6437732
1548651797 -0.64345706
1548651797 -0.6354775
1548651797 -0.6264299
1548651797 -0.6252275
1548651797 -0.62155634
1548651797 -0.6168423
1548651797 -0.6111796
1548651797 1.9303558
1548651797 -0.61427057
1548651797 -0.6116782
1548651797 -0.59387213
1548651798 -0.5751879
1548651798 -0.5567776
1548651798 -0.5315349
1548651798 -0.53314924
1548651798 -0.5131085
1548651798 -0.50738275
1548651798 -0.48748577
1548651798 -0.48721164
1548651798 -0.49170563
1548651798 -0.49240652
1548651798 -0.48193273
1548651798 -0.48227158
1548651798 -0.47423625
1548651798 -0.46366873
1548651798 -0.4511102
1548651798 1.3879263
1548651799 -0.47271746
1548651799 -0.4655514
1548651799 -0.48631826
1548651799 -0.49801156
1548651799 -0.4848249
1548651799 -0.4731461
1548651799 -0.47133118
1548651799 -0.46095878
1548651799 -0.45375353
1548651799 -0.45277905
1548651799 -0.44432327
1548651799 -0.4358214
1548651799 -0.43978032
1548651799 -0.46054113
1548651799 -0.4283316
1548651799 -0.42033413
1548651800 -0.41875616
1548651800 -0.41997656
1548651800 -0.41396308
1548651800 -0.4056785
1548651800 -0.40066904
1548651800 -0.39481613
1548651800 -0.38585812
1548651800 -0.38378462
1548651800 -0.38642967
1548651800 -0.37785724
1548651800 -0.370882
1548651800 -0.361383
1548651800 -0.37166077
1548651800 -0.37247798
1548651800 -0.36846557
1548651801 -0.36045176
1548651801 -0.3528123
1548651801 -0.34332886
1548651801 -0.33601978
1548651801 -0.33489802
1548651801 -0.33211842
1548651801 -0.33285087
1548651801 -0.5500551
1548651801 -0.33986706
1548651801 -0.3405234
1548651801 -0.33469433
1548651801 -0.34846675
1548651801 -0.3535499
1548651801 -0.3496335
1548651801 -0.3474759
1548651801 -0.34403735
1548651802 -0.34458947
1548651802 -0.3371325
1548651802 -0.33277076
1548651802 -0.3269242
1548651802 -0.32156962
1548651802 -0.31294197
1548651802 -0.31418702
1548651802 -0.30829397
1548651802 -0.30901906
1548651802 -0.311008
1548651802 -0.3092203
1548651802 -0.3090305
1548651802 -0.3065848
1548651802 -0.31528065
1548651802 -0.32340002
1548651802 -0.3420611
1548651803 -0.3355515
1548651803 -0.34467575
1548651803 -0.33527464
1548651803 -0.33660427
1548651803 -0.34601465
1548651803 -0.35031116
1548651803 -0.35780478
1548651803 -0.35724646
1548651803 -0.36760637
1548651803 -0.36926505
1548651803 -0.38397202
1548651803 -0.38770452
1548651803 -0.3784353
1548651803 -0.37002665
1548651803 -0.3801415
1548651804 -0.38607997
1548651804 -0.38585055
1548651804 -0.39765033
1548651804 -0.3907655
1548651804 -0.39706755
1548651804 -0.3997639
1548651804 -0.39840987
1548651804 -0.4010722
1548651804 -0.4134083
1548651804 -0.4213736
1548651804 -0.42882204
1548651804 -0.4316811
1548651804 -0.43130493
1548651804 -0.42696047
1548651804 -0.42206037
1548651804 -0.41387326
1548651805 -0.42182574
1548651805 -3.7754817
1548651805 -0.43243575
1548651805 -0.425533
1548651805 -0.4242848
1548651805 -0.7395849
1548651805 -0.740297
1548651805 -0.73799413
1548651805 -0.7373255
1548651805 -0.7413135
1548651805 -0.7382257
1548651805 -0.74659246
1548651805 -0.7514039
1548651805 -0.7600597
1548651805 -0.76885945
1548651806 -0.77420664
1548651806 -0.78187895
1548651806 -0.77524585
1548651806 -0.772551
1548651806 -0.778062
1548651806 -0.7857249
1548651806 -0.79055685
1548651806 -0.78859884
1548651806 -0.7880972
1548651806 -0.785506
1548651806 -0.794241
1548651806 -0.7953326
1548651806 -0.80440146
1548651806 -0.806517
1548651806 -0.8079339
1548651807 -0.8078713
1548651807 -0.8139615
1548651807 -0.8131034
1548651807 -0.8147901
1548651807 -0.81175077
1548651807 -0.8188288
1548651807 -0.81928056
1548651807 -0.8217977
1548651807 -0.8232529
1548651807 -0.8274129
1548651807 -0.8350642
1548651807 -0.8404303
1548651807 -1.6462023
1548651807 -0.8506303
1548651807 -0.8577573
1548651807 -0.86349916
1548651808 -0.86599433
1548651808 -0.87060785
1548651808 -0.87464553
1548651808 -0.8744267
1548651808 -0.87404686
1548651808 -0.8746607
1548651808 -0.8808712
1548651808 -0.8841018
1548651808 -0.8880397
1548651808 -0.89117956
1548651808 -0.8949775
1548651808 -0.89926517
1548651808 -0.90309036
1548651808 -0.904081
1548651809 -0.90506655
1548651809 -0.907241
1548651809 -0.90639573
1548651809 -0.90963763
1548651809 -0.9121459
1548651809 -0.9137229
1548651809 -0.9167263
1548651809 -0.9182877
1548651809 -0.9221872
1548651809 -0.9264457
1548651809 -0.93022984
1548651809 -0.9296843
1548651809 -0.93116105
1548651809 -0.93440497
1548651809 -0.93527704
1548651809 -0.9370321
1548651810 -0.93821603
1548651810 -0.9400742
1548651810 -0.94236356
1548651810 -0.94323707
1548651810 -0.94386506
1548651810 -0.9452309
1548651810 -0.94862866
1548651810 -0.95058995
1548651810 -0.9512639
1548651810 -0.9532559
1548651810 -0.9543546
1548651810 -0.95561016
1548651810 -0.9575988
1548651810 -0.9588868
1548651810 -0.9616006
1548651811 -0.7887793
1548651811 -0.7913766
1548651811 -0.78755236
1548651811 -1.4658244
1548651811 -1.4104742
1548651811 -0.79511714
1548651811 -0.78854644
1548651811 -0.79318625
1548651811 -0.7898662
1548651811 -0.7916016
1548651811 -0.7907179
1548651811 -0.7951964
1548651811 -0.79939497
1548651811 -0.79692477
1548651811 -0.7961008
1548651812 -0.7975847
1548651812 -0.8038418
1548651812 -1.3543841
1548651812 -0.81162703
1548651812 -0.81742024
1548651812 -1.7562358
1548651812 -1.7252097
1548651812 -0.8292747
1548651812 -0.83361775
1548651812 -0.84075415
1548651812 -1.6005777
1548651812 -0.8498464
1548651812 -0.84661204
1548651812 -0.8510742
1548651812 -0.8517348
1548651813 -0.8562943
1548651813 -0.8585932
1548651813 -0.86228365
1548651813 -0.86508805
1548651813 -0.86613303
1548651813 -0.8688529
1548651813 -0.87256837
1548651813 -0.8760498
1548651813 -0.8807144
1548651813 -0.88313967
1548651813 -0.8830474
1548651813 -0.8838686
1548651813 -0.88703805
1548651813 -0.8900349
1548651814 -0.893654
1548651814 -0.896582
1548651814 -1.4569726
1548651814 -0.9013146
1548651814 -0.9015514
1548651814 -0.90436614
1548651814 -0.90580285
1548651814 -0.90625477
1548651814 -0.9071578
1548651814 -0.90967625
1548651814 -0.912115
1548651814 -0.91314876
1548651814 -0.91425717
1548651814 -0.9159041
1548651814 -0.91730684
1548651815 -0.91912603
1548651815 -0.9193853
1548651815 -0.9208016
1548651815 -0.921866
1548651815 -0.9234217
1548651815 -0.92350966
1548651815 -0.9237635
1548651815 -0.92409664
1548651815 -0.92513347
1548651815 -0.9267673
1548651815 -0.9292302
1548651815 -0.929779
1548651815 -0.9320771
1548651815 -0.9332334
1548651816 -0.93463475
1548651816 -0.9365817
1548651816 -0.93770343
1548651816 -0.93894464
1548651816 -0.9394325
1548651816 -0.9400707
1548651816 -0.9405369
1548651816 -0.941168
1548651816 -0.94168246
1548651816 -0.94220597
1548651816 -0.5161467
1548651816 -0.4965993
1548651816 -0.4904216
1548651816 -0.49169257
1548651817 -0.48610792
1548651817 -0.46928933
1548651817 -0.45337293
1548651817 -0.44683006
1548651817 -0.44871092
1548651817 -0.42536083
1548651817 -0.4272473
1548651817 -0.431023
1548651817 -0.40832648
1548651817 -0.38801345
1548651817 -0.38349038
1548651817 -0.37453115
1548651817 -0.35104543
1548651817 -0.35591453
1548651818 -0.35478938
1548651818 -0.33855018
1548651818 -0.33443466
1548651818 -0.32775164
1548651818 -0.32708806
1548651818 -0.3260473
1548651818 -0.3254363
1548651818 -0.3215557
1548651818 -0.3173902
1548651818 -0.3181537
1548651818 -0.31965655
1548651818 -0.31982034
1548651818 -0.31135222
1548651818 -0.30122927
1548651819 -0.30162862
1548651819 -0.2999233
1548651819 -0.29489222
1548651819 -0.28669873
1548651819 -0.29894942
1548651819 -0.3026144
1548651819 -0.2995542
1548651819 -0.30574638
1548651819 -0.30644232
1548651819 -0.31831917
1548651819 -0.32995877
1548651819 -0.33452865
1548651819 -0.33125025
1548651819 -0.3276251
1548651819 -0.3288418
1548651820 -0.31981012
1548651820 -0.31509465
1548651820 -0.30724198
1548651820 -0.30081385
1548651820 -0.30774054
1548651820 -0.29841673
1548651820 -0.31113368
1548651820 -0.3055765
1548651820 -0.30523598
1548651820 -0.3094624
1548651820 -0.30353084
1548651820 -0.3075968
1548651820 -0.3064068
1548651820 -0.30685464
1548651821 -0.30656478
1548651821 -0.32023683
1548651821 -0.3108543
1548651821 -0.30513433
1548651821 -0.31029883
1548651821 -0.30897737
1548651821 -0.30431744
1548651821 -0.30081296
1548651821 -0.7525326
1548651821 -0.5988326
1548651821 -0.33661556
1548651821 -0.33664846
1548651821 -0.34215933
1548651822 -0.3374904
1548651822 -0.34459275
1548651822 -0.33633813
1548651822 -0.35243958
1548651822 -0.34215754
1548651822 -0.35244918
1548651822 -0.35339245
1548651822 -0.35509628
1548651822 -0.3528663
1548651822 -0.36890614
1548651822 -0.3697604
1548651822 -0.36927018
1548651822 -0.37604207
1548651822 -0.3858221
1548651822 -0.38660222
1548651823 -0.38252726
1548651823 -0.3836621
1548651823 -0.3979731
1548651823 -0.40100536
1548651823 -0.41505575
1548651823 -0.42445624
1548651823 -0.4167118
1548651823 -0.42301702
1548651823 -0.4295451
1548651823 -0.43199715
1548651823 -0.43705848
1548651823 -0.44491845
1548651823 -0.45425832
1548651823 -0.459259
1548651824 -0.45221737
1548651824 -0.45497745
1548651824 -0.45088968
1548651824 -0.45969433
1548651824 -0.45781833
1548651824 -0.45963922
1548651824 -0.45902824
1548651824 -0.4610502
1548651824 -0.46559682
1548651824 -0.45794857
1548651824 -0.46866074
1548651824 -0.46442705
1548651824 -0.4614197
1548651824 -0.4633032
1548651825 -0.4582378
1548651825 -0.46022135
1548651825 -0.47989172
1548651825 -0.47486407
1548651825 -0.48277614
1548651825 -0.4895264
1548651825 -0.49136737
1548651825 -0.49201757
1548651825 -0.4946571
1548651825 -0.49924594
1548651825 -0.5037449
1548651825 -0.510683
1548651825 -0.50951827
1548651825 -0.51192856
1548651826 -0.5173435
1548651826 -0.52134854
1548651826 -0.5208519
1548651826 -0.52255666
1548651826 -0.5272862
1548651826 -2.6346529
1548651826 -0.5525589
1548651826 -0.5600478
1548651826 -0.5706933
1548651826 -0.5781537
1548651826 -0.71965915
1548651826 -0.7081108
1548651826 -0.6968847
1548651827 -0.68001837
1548651827 -0.669181
1548651827 -0.6647477
1548651827 -0.6471168
1548651827 -0.6265303
1548651827 -0.6067164
1548651827 -0.5985529
1548651827 -0.5860347
1548651827 -0.5682408
1548651827 -0.55781716
1548651827 -0.53247786
1548651827 -0.52731675
1548651827 -0.53568304
1548651827 -0.50532156
1548651827 -0.49620187
1548651828 -0.47531375
1548651828 -0.45880225
1548651828 -0.45174402
1548651828 -0.41910484
1548651828 -0.41410053
1548651828 -0.4037105
1548651828 -0.3970905
1548651828 -0.39417654
1548651828 -0.3909386
1548651828 -0.38723445
1548651828 -0.37990436
1548651828 -0.3689028
1548651828 -0.36909267
1548651829 -0.36711377
1548651829 -0.35365427
1548651829 -0.34572083
1548651829 -0.33534253
1548651829 -0.33043987
1548651829 -0.3185202
1548651829 -0.30364472
1548651829 -0.30935803
1548651829 -0.30887508
1548651829 -0.29600456
1548651829 -0.29114583
1548651829 -0.27750957
1548651829 -0.27401194
1548651829 -0.27188534
1548651830 -0.2623033
1548651830 -0.25468016
1548651830 -0.24450631
1548651830 -0.24187598
1548651830 -0.24183887
1548651830 -0.2240635
1548651830 -0.22996868
1548651830 -0.22415087
1548651830 -0.21128058
1548651830 -0.19879515
1548651830 -0.19684057
1548651830 -0.18742526
1548651830 -0.17566925
1548651831 -0.1700021
1548651831 -0.15648533
1548651831 -0.74286056
1548651831 -0.15385194
1548651831 -0.15957548
1548651831 -0.15649581
1548651831 -0.16355947
1548651831 -0.16039254
1548651831 -0.89469266
1548651831 -0.15452866
1548651831 -0.14643183
1548651831 -0.5980951
1548651831 -0.14630753
1548651832 -0.13903777
1548651832 -0.1437948
1548651832 -0.5210662
1548651832 -0.22529046
1548651832 -0.13618983
1548651832 0.038932126
1548651832 -0.14919232
1548651832 -0.14276184
1548651832 0.09287934
1548651832 -0.13045928
1548651832 0.34158465
1548651832 0.70062256
1548651832 -0.121805266
1548651832 -0.13055283
1548651833 -0.13068298
1548651833 0.5702452
1548651833 0.9978126
1548651833 -0.12641841
1548651833 0.78446746
1548651833 1.4176185
1548651833 1.3309963
1548651833 -0.10220424
1548651833 1.708042
1548651833 -0.09928735
1548651833 1.9552892
1548651833 2.206922
1548651833 -0.075099505
1548651833 -0.062042166
1548651834 -0.84563774
1548651834 -0.84328985
1548651834 -0.8387377
1548651834 -0.8307408
1548651834 -0.82933944
1548651834 -0.8294295
1548651834 -0.8334249
1548651834 -0.83476025
1548651834 -0.8326495
1548651834 -0.8333443
1548651834 -0.84081924
1548651834 -0.8408392
1548651834 -0.8370888
1548651835 -0.8348949
1548651835 -0.834074
1548651835 -0.8330382
1548651835 -0.8324655
1548651835 -0.83106786
1548651835 -0.8300859
1548651835 -0.8369187
1548651835 -0.8323779
1548651835 -0.83564323
1548651835 -0.8374574
1548651835 -1.7170103
1548651835 -0.84123
1548651835 -0.8389917
1548651835 -0.83812374
1548651836 -0.84019375
1548651836 -0.8379173
1548651836 -0.8389134
1548651836 -0.8376584
1548651836 -0.8416209
1548651836 -0.8396915
1548651836 -0.84395736
1548651836 -0.8444767
1548651836 -0.8493311
1548651836 -0.8497531
1548651836 -0.85071015
1548651836 -0.8555696
1548651836 -0.8575312
1548651836 -0.8604113
1548651837 -1.966422
1548651837 -0.86923015
1548651837 -0.8720319
1548651837 -0.8746435
1548651837 -0.87923586
1548651837 -0.87988544
1548651837 -0.882933
1548651837 -0.88519037
1548651837 -0.8914624
1548651837 -0.89554316
1548651837 -0.89603674
1548651837 -0.89541745
1548651837 -0.89590865
1548651837 -0.9001965
1548651838 -0.9023477
1548651838 -0.9049832
1548651838 -0.9090744
1548651838 -0.91084296
1548651838 -0.9148228
1548651838 -0.91646427
1548651838 -0.9186839
1548651838 -0.92237824
1548651838 -0.9260685
1548651838 -0.9279755
1548651838 -0.9315706
1548651838 -0.9341892
1548651838 -0.935448
1548651838 -0.9378757
1548651839 -0.9394407
1548651839 -0.9410445
1548651839 -0.9435418
1548651839 -3.130262
1548651839 -0.94784164
1548651839 -0.9503408
1548651839 -0.9523359
1548651839 -0.95432425
1548651839 -0.95662016
1548651839 -0.95883685
1548651839 -0.3473494
1548651839 -0.3436762
1548651839 -0.3337247
1548651840 -0.33916086
1548651840 -0.34639665
1548651840 -0.34682366
1548651840 -0.32922134
1548651840 -0.3196136
1548651840 -0.32274666
1548651840 -0.32501164
1548651840 -0.31717867
1548651840 -0.31374118
1548651840 -0.31062007
1548651840 -0.3093434
1548651840 -0.29923815
1548651840 -0.28813756
1548651840 -0.28469726
1548651841 -0.2757321
1548651841 -0.26742506
1548651841 -0.28043216
1548651841 -0.28016853
1548651841 -0.2803857
1548651841 -0.27701887
1548651841 -0.2802189
1548651841 -0.27475622
1548651841 -0.27784222
1548651841 -0.28124672
1548651841 -0.2853072
1548651841 -0.27670276
1548651841 -0.2661831
1548651841 -0.25759482
1548651842 -0.26156902
1548651842 -0.26054773
1548651842 -0.24977875
1548651842 -0.2423357
1548651842 -0.24311641
1548651842 -0.2418549
1548651842 -0.2339881
1548651842 -0.22394377
1548651842 -0.22091694
1548651842 -0.22069383
1548651842 -0.22299075
1548651842 -0.21857843
1548651842 -0.21239585
1548651843 -0.22254688
1548651843 -1.0263377
1548651843 -0.23040645
1548651843 -0.2265848
1548651843 -0.22543193
1548651843 -0.8671206
1548651843 -0.23348476
1548651843 -0.23865637
1548651843 -0.24397217
1548651843 -0.82534105
1548651843 -0.25696972
1548651843 -0.2608633
1548651843 -0.2548004
1548651843 -0.25566405
1548651844 -0.25410858
1548651844 -0.25713554
1548651844 -0.24776033
1548651844 -0.23709832
1548651844 -0.237147
1548651844 -0.24223486
1548651844 -0.24984318
1548651844 -0.24262787
1548651844 -0.2454906
1548651844 -0.23480666
1548651844 -0.23195179
1548651844 -1.2906525
1548651844 -0.25166082
1548651845 -0.2542683
1548651845 -0.24657413
1548651845 -0.2462857
1548651845 -0.24538727
1548651845 -1.2979773
1548651845 -0.25792706
1548651845 -0.26071236
1548651845 -0.27673542
1548651845 -0.28564656
1548651845 -0.29274428
1548651845 -0.29063404
1548651845 -0.2988136
1548651845 -0.2942824
1548651845 -0.29355118
1548651846 -0.28483564
1548651846 -0.28226018
1548651846 -0.28052348
1548651846 -0.28150135
1548651846 -0.2733881
1548651846 -2.1238813
1548651846 -0.28847155
1548651846 -0.29618576
1548651846 -0.3055703
1548651846 -0.29890835
1548651846 -0.30343866
1548651846 -0.30830312
1548651846 -0.30228585
1548651847 -0.30207983
1548651847 -0.29682603
1548651847 -0.30414996
1548651847 -0.3057217
1548651847 -0.3046234
1548651847 -0.31315252
1548651847 -0.31090653
1548651847 -0.31232244
1548651847 -0.30877405
1548651847 -0.30374065
1548651847 -0.31309447
1548651847 -0.33376855
1548651847 -0.3401766
1548651848 -0.47748908
1548651848 -0.46079603
1548651848 -0.45042887
1548651848 -0.4397993
1548651848 2.1313016
1548651848 -0.46681017
1548651848 -0.4639307
1548651848 -0.45791608
1548651848 -0.4538368
1548651848 -0.45397383
1548651848 -0.44646528
1548651848 -0.42591527
1548651848 -0.42066565
1548651849 -0.41207907
1548651849 -0.4320834
1548651849 -0.4102966
1548651849 -0.42890215
1548651849 -0.43076023
1548651849 -0.4229419
1548651849 -0.43383417
1548651849 -0.43403062
1548651849 -0.43322065
1548651849 -0.43688184
1548651849 -0.42619637
1548651849 -0.44418812
1548651849 -0.4620715
1548651849 -0.46322587
1548651850 -0.47119752
1548651850 -0.4785097
1548651850 -0.48360866
1548651850 -0.4844462
1548651850 1.2680128
1548651850 -0.49283865
1548651850 -0.49185076
1548651850 -0.50871533
1548651850 -0.5250179
1548651850 -0.5297326
1548651850 -0.5335667
1548651850 -0.5317849
1548651850 -0.54739517
1548651851 -0.54222083
1548651851 -0.5573079
1548651851 -0.5633742
1548651851 -0.55876315
1548651851 -0.57322675
1548651851 -0.5764588
1548651851 -0.5654924
1548651851 -0.5617055
1548651851 -0.57662547
1548651851 -0.5726223
1548651851 -0.5872922
1548651851 -0.5782637
1548651852 -0.59297734
1548651852 -0.60677725
1548651852 -0.6013607
1548651852 -0.6054563
1548651852 -0.6008378
1548651852 -0.6066457
1548651852 -0.6200747
1548651852 -0.63255686
1548651852 -0.6253994
1548651852 -0.6273187
1548651852 1.4681621
1548651852 -0.64465773
1548651852 -0.6401194
1548651853 -0.6327342
1548651853 -0.64590687
1548651853 -0.6384701
1548651853 -0.65166193
1548651853 -0.6552454
1548651853 -0.6524182
1548651853 -0.6653271
1548651853 -0.6738308
1548651853 -0.67658657
1548651853 -0.6776404
1548651853 -0.68581295
1548651853 -0.6975992
1548651854 -0.68797946
1548651854 -0.69995946
1548651854 -0.6944663
1548651854 -0.7064086
1548651854 -0.7028404
1548651854 -0.6998801
1548651854 -0.6997299
1548651854 -0.71204114
1548651854 -0.71517706
1548651854 -0.7190035
1548651854 -0.7306993
1548651854 -0.7305893
1548651854 -0.73029083
1548651854 -0.7418776
1548651855 -0.7464933
1548651855 -0.75817716
1548651855 -0.77037406
1548651855 -0.779626
1548651855 0.42139325
1548651855 -0.7929077
1548651855 -0.7979584
1548651855 -0.8064768
1548651855 -0.80449367
1548651855 -0.81507707
1548651855 -0.82336056
1548651855 -0.8232775
1548651855 -0.82580096
1548651856 -0.8352097
1548651856 -0.8378441
1548651856 -0.8394533
1548651856 -0.84466857
1548651856 -0.8458413
1548651856 -0.853252
1548651856 -0.85937744
1548651856 -0.8637985
1548651856 -0.86402875
1548651856 -0.87072396
1548651856 -0.87237334
1548651856 -0.8791586
1548651856 -0.88338333
1548651857 -0.8892154
1548651857 -0.89150316
1548651857 -0.8962975
1548651857 -0.9008952
1548651857 -0.9028718
1548651857 -0.90536195
1548651857 -0.7560703
1548651857 -0.91567403
1548651857 -0.92047566
1548651857 -0.9212163
1548651857 -0.92543674
1548651857 -0.9273217
1548651857 -0.9297965
1548651858 -0.9339468
1548651858 -0.9355632
1548651858 -0.9394983
1548651858 -0.94141215
1548651858 -0.94466215
1548651858 -0.94727045
1548651858 -0.9506289
1548651858 -0.95192945
1548651858 -0.95309985
1548651858 -0.9562813
1548651858 -0.95820874
1548651858 -0.9600127
1548651858 -0.96139914
1548651859 -0.96305346
1548651859 -0.96413726
1548651859 -0.9665531
1548651859 -0.9691612
1548651859 -0.970965
1548651859 -0.9721058
1548651859 -0.973711
1548651859 -0.9747392
1548651859 -0.9757569
1548651859 -0.9774214
1548651859 -0.9784111
1548651859 -0.97949684
1548651859 -0.9808292
1548651860 -0.98190796
1548651860 -0.98336166
1548651860 -0.9847311
1548651860 -0.9857472
1548651860 -0.98676145
1548651860 -0.987361
1548651860 -0.9883933
1548651860 -0.9889902
1548651860 -0.9898427
1548651860 -0.990558
1548651860 -0.9912022
1548651860 -0.99171406
1548651860 -0.9921974
1548651860 -0.99289304
1548651861 -0.9935881
1548651861 -0.99417865
1548651861 -0.99450755
1548651861 -0.99488515
1548651861 -0.99515533
1548651861 -0.99561524
1548651861 -0.9959722
1548651861 -0.9962135
1548651861 -0.9965103
1548651861 -0.9966529
1548651861 -0.9968215
1548651861 -0.99702704
1548651862 -0.65587384
1548651862 -0.65179485
1548651862 -0.6328923
1548651862 -0.6288735
1548651862 -0.6414814
1548651862 -0.6366087
1548651862 0.5975241
1548651862 -0.64610946
1548651862 0.25734225
1548651862 -0.9285765
1548651862 -0.660373
1548651862 -0.64467406
1548651862 -0.63607216
1548651862 -0.6285416
1548651863 -0.63406044
1548651863 -0.62364954
1548651863 -0.61405194
1548651863 -0.62770975
1548651863 -0.62519604
1548651863 -0.6214649
1548651863 -0.6170372
1548651863 -0.6105612
1548651863 -0.61043817
1548651863 -0.59919614
1548651863 -0.59019065
1548651863 -0.5907782
1548651863 -0.59539026
1548651864 -0.6018091
1548651864 -0.59801054
1548651864 -0.6122502
1548651864 -0.62024444
1548651864 -0.633647
1548651864 -0.6240876
1548651864 -0.6268849
1548651864 -0.62764865
1548651864 -0.6413981
1548651864 -0.65461046
1548651864 -0.66730136
1548651864 -0.6794869
1548651864 -0.68609524
1548651865 -0.6975806
1548651865 -0.7109866
1548651865 -0.7196897
1548651865 -0.72454256
1548651865 -0.73223543
1548651865 -0.7319562
1548651865 -0.7418083
1548651865 -0.7388578
1548651865 -0.7486809
1548651865 -0.7552095
1548651865 -0.76441824
1548651865 -0.77322876
1548651865 -0.7783809
1548651865 -0.7881234
1548651866 -0.79038
1548651866 -0.79806453
1548651866 -0.80418146
1548651866 -0.8080432
1548651866 -0.81647474
1548651866 -0.8191562
1548651866 -0.8265232
1548651866 -0.8304988
1548651866 -0.8364612
1548651866 -0.8387944
1548651866 -0.8390124
1548651866 -0.84682864
1548651866 -0.8498522
1548651867 -0.8552316
1548651867 -0.85609126
1548651867 -0.8573166
1548651867 -0.864104
1548651867 -0.8649508
1548651867 -0.86885315
1548651867 -0.86923355
1548651867 -0.8731227
1548651867 -0.8759567
1548651867 -0.8775494
1548651867 -0.8818823
1548651867 -0.88533884
1548651867 -0.8888245
1548651868 -0.8905081
1548651868 -0.89283884
1548651868 -0.8962072
1548651868 -0.89918643
1548651868 -0.9028579
1548651868 -0.9042754
1548651868 -0.9063666
1548651868 -0.91057926
1548651868 -0.91446894
1548651868 -0.91682917
1548651868 -0.91857296
1548651868 -0.92002094
1548651868 -0.923407
1548651869 -0.9259844
1548651869 -0.9281836
1548651869 -0.9307406
1548651869 -0.9329238
1548651869 -0.9358063
1548651869 -0.93739486
1548651869 -0.9386706
1548651869 -0.940681
1548651869 -0.94251406
1548651869 -0.94376457
1548651869 -0.94509315
1548651869 -0.94730973
1548651869 -0.9487246
1548651870 -0.9511611
1548651870 -0.9531079
1548651870 -0.9556101
1548651870 -0.9573543
1548651870 -0.9586259
1548651870 -0.9603448
1548651870 -0.9610458
1548651870 -0.9623552
1548651870 -0.96367866
1548651870 -0.9655519
1548651870 -0.96663123
1548651870 -0.96799463
1548651870 -0.9688003
1548651871 -0.97023934
1548651871 -0.9716529
1548651871 -0.97311777
1548651871 -0.9738621
1548651871 -0.975251
1548651871 -0.97612655
1548651871 -0.7369822
1548651871 -0.74332494
1548651871 -0.7513315
1548651871 -0.7590017
1548651871 -0.76634896
1548651871 -0.76765925
1548651871 -0.7745611
1548651872 -0.7784486
1548651872 -0.77799034
1548651872 -0.7845669
1548651872 -0.78450173
1548651872 -0.7867226
1548651872 -0.78635603
1548651872 -0.79270023
1548651872 -0.79361206
1548651872 -0.7960202
1548651872 -0.8019655
1548651872 -0.80623513
1548651872 -0.803259
1548651872 -0.80546165
1548651873 -0.8111485
1548651873 -0.8119576
1548651873 -0.8130893
1548651873 -0.8139289
1548651873 -0.8194081
1548651873 -0.82423764
1548651873 -0.82360876
1548651873 -0.82787853
1548651873 -0.82491124
1548651873 -0.83011115
1548651873 -0.8328077
1548651873 -0.83239764
1548651873 -0.8373577
1548651874 -0.8401441
1548651874 -0.83739835
1548651874 -0.837324
1548651874 -0.84223354
1548651874 -0.842235
1548651874 -0.84225035
1548651874 -0.8465486
1548651874 -0.8506551
1548651874 -0.85030365
1548651874 -0.8517042
1548651874 -0.8502704
1548651874 -0.8545569
1548651874 -0.85827476
1548651875 -0.86152923
1548651875 -0.8653216
1548651875 -1.5814784
1548651875 -0.87162346
1548651875 -0.8728753
1548651875 -0.8760338
1548651875 -0.8758399
1548651875 -0.87818134
1548651875 -0.88127995
1548651875 -0.88258153
1548651875 -0.884575
1548651875 -0.8859779
1548651875 -0.8880554
1548651876 -0.889096
1548651876 -0.8914788
1548651876 -0.89236253
1548651876 -0.8947357
1548651876 -0.8988183
1548651876 -0.9009588
1548651876 -0.9009277
1548651876 -0.9022952
1548651876 -0.9050981
1548651876 -0.9095151
1548651876 -0.9128163
1548651876 -0.91458607
1548651876 -0.9179319
1548651877 -0.92182446
1548651877 -0.92488945
1548651877 -0.9282176
1548651877 -0.9305404
1548651877 -0.9314191
1548651877 -0.9331825
1548651877 -0.9354377
1548651877 -0.9362158
1548651877 -0.93803835
1548651877 -0.9388008
1548651877 -0.81081074
1548651877 -0.81286347
1548651878 -0.80697584
1548651878 -0.80347747
1548651878 -0.7959641
1548651878 -0.78869134
1548651878 -0.78282845
1548651878 -0.77867556
1548651878 -1.9156066
1548651878 -0.776922
1548651878 -0.772737
1548651878 -0.7727402
1548651878 -0.77175295
1548651878 -0.77708
1548651878 -0.7747683
1548651879 -0.77334327
1548651879 -0.77258456
1548651879 -0.77646875
1548651879 -0.78023976
1548651879 -0.78129303
1548651879 -0.78194195
1548651879 -0.7773531
1548651879 -0.7787392
1548651879 -0.7821024
1548651879 -0.7822371
1548651879 -0.77826846
1548651879 -0.77384317
1548651879 -0.7803791
1548651880 -0.7841523
1548651880 -0.79025304
1548651880 -0.79571605
1548651880 -0.7957968
1548651880 -0.7976605
1548651880 -0.79525197
1548651880 -0.8010728
1548651880 -0.7985985
1548651880 -0.8038692
1548651880 -0.80590117
1548651880 -0.810934
1548651880 -0.8160298
1548651880 -0.821345
1548651881 -0.8263785
1548651881 -0.83098835
1548651881 -0.8333025
1548651881 -0.8343097
1548651881 -0.8362132
1548651881 -0.8392558
1548651881 -0.8378429
1548651881 -0.83644706
1548651881 -0.84059674
1548651881 -0.84535915
1548651881 -0.84513634
1548651881 -0.8455416
1548651881 -0.84630203
1548651882 -0.85021186
1548651882 -0.8544625
1548651882 -0.85575604
1548651882 -0.85545206
1548651882 -0.8600153
1548651882 -0.8652553
1548651882 -0.87054896
1548651882 -0.8727727
1548651882 -0.87815547
1548651882 -0.8813407
1548651882 -0.886454
1548651882 -0.88809896
1548651882 -0.88876146
1548651883 -0.89191854
1548651883 -0.89359164
1548651883 -0.89830756
1548651883 -0.9030367
1548651883 -0.90666544
1548651883 -0.9085775
1548651883 -0.9126609
1548651883 -0.91276443
1548651883 -0.9139959
1548651883 -0.9166782
1548651883 -0.9174677
1548651883 -0.9192506
1548651883 -0.92045
1548651884 -0.92084336
1548651884 -0.92200446
1548651884 -0.9248895
1548651884 -0.9280695
1548651884 -0.93007463
1548651884 -0.9324138
1548651884 -0.9332221
1548651884 -0.9339926
1548651884 -0.5546831
1548651884 -0.5675396
1548651884 -0.5803054
1548651884 -0.5925693
1548651885 -0.60440767
1548651885 -0.61583173
1548651885 -0.626853
1548651885 -0.6374825
1548651885 -0.6346503
1548651885 -0.624206
1548651885 -0.6352531
1548651885 -0.6391506
1548651885 -0.6262037
1548651885 -0.6373323
1548651885 -0.64578664
1548651885 -0.6379444
1548651885 -0.6485651
1548651886 -0.6446692
1548651886 -0.6550578
1548651886 -0.64484435
1548651886 -0.6553408
1548651886 -0.6673194
1548651886 0.6891627
1548651886 -0.6709118
1548651886 -0.66445476
1548651886 -0.6689651
1548651886 -0.66078115
1548651886 -0.6705426
1548651886 -0.6799451
1548651886 -0.6754237
1548651887 -0.66455245
1548651887 -0.67450356
1548651887 -0.6701457
1548651887 -0.68003464
1548651887 -0.67742866
1548651887 -0.6753932
1548651887 -0.68516797
1548651887 -0.67495126
1548651887 -0.6849537
1548651887 -0.67325
1548651887 -0.6845969
1548651887 -0.6820358
1548651887 -0.6915351
1548651888 -0.6978185
1548651888 -0.70380235
1548651888 -0.70306635
1548651888 -0.71153617
1548651888 -0.71277094
1548651888 -0.70782846
1548651888 -0.7161348
1548651888 -0.71771175
1548651888 -0.7255593
1548651888 -0.7290121
1548651888 -0.7273043
1548651888 -0.7325431
1548651889 -0.7333011
1548651889 -0.72841996
1548651889 -0.7282528
1548651889 -0.73570263
1548651889 -0.7300964
1548651889 -0.7178665
1548651889 -0.7260421
1548651889 -0.7339038
1548651889 -0.73049015
1548651889 -0.7381949
1548651889 -0.7306534
1548651889 -0.72731006
1548651890 -0.73538715
1548651890 -0.74408174
1548651890 -0.7384003
1548651890 0.25177607
1548651890 -0.7442572
1548651890 -0.7417974
1548651890 -0.7435838
1548651890 -0.7468254
1548651890 -0.745111
1548651890 -0.74041516
1548651890 -0.733289
1548651890 -0.7417409
1548651890 -0.742202
1548651891 -0.75030446
1548651891 -0.73788047
1548651891 -0.74639773
1548651891 -0.7419766
1548651891 -0.7503702
1548651891 -0.7521895
1548651891 -0.7600914
1548651891 -0.7576798
1548651891 -0.76534176
1548651891 -0.76512736
1548651891 -0.7724603
1548651891 -0.77714956
1548651891 -0.7837792
1548651892 -0.7822894
1548651892 -0.7770886
1548651892 -0.78469855
1548651892 -0.78259635
1548651892 -0.78871846
1548651892 -0.7876447
1548651892 -0.7882079
1548651892 -0.79402846
1548651892 -0.7972635
1548651892 -0.79202676
1548651892 -0.79143035
1548651892 -0.78483593
1548651893 -0.7909752
1548651893 -0.78751963
1548651893 -0.7835322
1548651893 -0.7897456
1548651893 -0.78734505
1548651893 -0.78192914
1548651893 -0.788194
1548651893 -0.78565353
1548651893 -0.7788386
1548651893 -0.78532594
1548651893 -0.16285217
1548651893 -0.7868744
1548651894 -0.7852008
1548651894 -0.79008657
1548651894 -0.7964903
1548651894 -0.7924459
1548651894 -0.7921659
1548651894 -0.78779286
1548651894 -0.77728325
1548651894 -0.78463775
1548651894 -0.7825288
1548651894 -0.7768585
1548651894 -0.78435296
1548651894 -0.7766152
1548651895 0.21778557
1548651895 -0.79021835
1548651895 -0.78801495
1548651895 -0.78525
1548651895 -0.78526753
1548651895 -0.7930075
1548651895 -0.7910021
1548651895 -0.78732747
1548651895 -0.7890065
1548651895 -0.79168296
1548651895 -0.78895843
1548651895 -0.79689145
1548651895 -0.7970341
1548651896 -0.79758537
1548651896 -0.79257846
1548651896 -0.8005748
1548651896 -0.79453135
1548651896 -0.8025889
1548651896 -0.7999443
1548651896 -0.80785966
1548651896 -0.8062016
1548651896 -0.8124683
1548651896 -0.8150686
1548651896 -0.8144366
1548651896 -0.8218674
1548651897 -0.81964153
1548651897 -0.82692254
1548651897 -0.8233756
1548651897 -0.82512003
1548651897 -0.832334
1548651897 -0.8376191
1548651897 -0.84005874
1548651897 -0.84247285
1548651897 -0.84348524
1548651897 -0.84990156
1548651897 -0.85077685
1548651897 -0.8508328
1548651897 -0.85188776
1548651898 -0.8580848
1548651898 -0.8554578
1548651898 -0.86160034
1548651898 -0.86366194
1548651898 -0.65579665
1548651898 -0.86579347
1548651898 -0.87179387
1548651898 -0.8703307
1548651898 -0.87619865
1548651898 -0.88068336
1548651898 -0.8802947
1548651898 -0.8857348
1548651899 -0.88782364
1548651899 -0.8888204
1548651899 -0.8935265
1548651899 -0.8931105
1548651899 -0.8973047
1548651899 -0.68157685
1548651899 -0.9050147
1548651899 -0.9064553
1548651899 -0.90814227
1548651899 -0.90984845
1548651899 -0.91336626
1548651899 -0.91353226
1548651899 -0.914384
1548651900 -0.9112517
1548651900 -0.9203833
1548651900 -0.9211736
1548651900 -0.9219235
1548651900 -0.9215418
1548651900 -0.9216544
1548651900 -0.92512363
1548651900 -0.9256736
1548651900 -0.9290039
1548651900 -0.93092775
1548651900 -0.93402463
1548651900 -0.9350796
1548651901 -0.9379283
1548651901 -0.939369
1548651901 -0.94212633
1548651901 -0.943971
1548651901 -0.94652
1548651901 -0.9469948
1548651901 -0.94944227
1548651901 -0.95135844
1548651901 -0.95368785
1548651901 -0.9545443
1548651901 -0.95683444
1548651901 -0.95872194
1548651901 -0.96015954
1548651902 -0.7754263
1548651902 -0.7714986
1548651902 -0.76489323
1548651902 -1.7858062
1548651902 -0.7639523
1548651902 -0.7613854
1548651902 -0.75679135
1548651902 -0.7603782
1548651902 -0.76249665
1548651902 -0.7648794
1548651902 -0.7746774
1548651903 -0.7840141
1548651903 -0.7864724
1548651903 -0.77800083
1548651903 -0.77816516
1548651903 -0.77735084
1548651903 -0.77083886
1548651903 -0.7634342
1548651903 -0.7620956
1548651903 -0.7649517
1548651903 -0.7591873
1548651903 -0.75928366
1548651903 -0.75929797
1548651904 -0.7580142
1548651904 -0.7565584
1548651904 -0.76302713
1548651904 -0.7740181
1548651904 -0.7663081
1548651904 -0.7711194
1548651904 -0.76562625
1548651904 -0.7673667
1548651904 -0.7660564
1548651904 -0.7718768
1548651904 -0.77745867
1548651904 -0.7749698
1548651904 -0.76989365
1548651905 -0.7759567
1548651905 -0.7817412
1548651905 -0.7847596
1548651905 -0.7843579
1548651905 -0.7864015
1548651905 -0.7875733
1548651905 -0.79208374
1548651905 -0.7950809
1548651905 -0.797422
1548651905 -0.79829866
1548651905 -0.7964272
1548651905 -0.8009309
1548651906 -0.8009119
1548651906 -0.80307984
1548651906 -0.8011166
1548651906 -0.80575174
1548651906 -0.8070545
1548651906 -0.81150913
1548651906 -0.8140711
1548651906 -0.816953
1548651906 -0.8200474
1548651906 -0.8228696
1548651906 -0.82056284
1548651906 -0.82283914
1548651907 -0.8269521
1548651907 -0.8274567
1548651907 -0.82845056
1548651907 -0.83095104
1548651907 -0.8306064
1548651907 -0.8347561
1548651907 -0.83893996
1548651907 -0.84075356
1548651907 -0.84343576
1548651907 -0.84617823
1548651907 -1.4732802
1548651907 -0.8532415
1548651907 -0.85242164
1548651908 -0.85422355
1548651908 -0.8582872
1548651908 -0.85903823
1548651908 -1.712998
1548651908 -0.8653193
1548651908 -0.8663481
1548651908 -0.8662371
1548651908 -0.86661303
1548651908 -0.86631024
1548651908 -0.8664535
1548651908 -2.3495064
1548651909 -0.8744645
1548651909 -0.8781593
1548651909 -0.88206506
1548651909 -0.88523024
1548651909 -0.8847733
1548651909 -0.8870458
1548651909 -0.8908098
1548651909 -0.89419377
1548651909 -0.89832205
1548651909 -0.90167147
1548651909 -0.90311563
1548651909 -0.90486354
1548651910 -0.9060904
1548651910 -0.9082399
1548651910 -0.90920025
1548651910 -0.91223127
1548651910 -0.9144903
1548651910 -0.91729724
1548651910 -0.9184031
1548651910 -0.9209352
1548651910 -0.9230259
1548651910 -0.6832521
1548651910 -0.6966993
1548651911 -0.6796805
1548651911 -0.660189
1548651911 -0.649606
1548651911 -0.6416409
1548651911 -0.6317858
1548651911 -0.61837405
1548651911 -0.5992213
1548651911 -0.5952499
1548651911 -0.59072566
1548651911 -0.59190995
1548651911 -0.58163
1548651911 -0.57221663
1548651912 -0.5680473
1548651912 -0.55608946
1548651912 -0.53971905
1548651912 -0.52705777
1548651912 -0.5247402
1548651912 -0.51821053
1548651912 -0.50988644
1548651912 -0.5003582
1548651912 -0.48836917
1548651912 -0.4796941
1548651912 -0.46970335
1548651913 -0.4844384
1548651913 -0.47583145
1548651913 -0.45203212
1548651913 -0.4693208
1548651913 -0.45173356
1548651913 -0.4272037
1548651913 -0.4230654
1548651913 -0.40048897
1548651913 -0.41941845
1548651913 -0.3971061
1548651913 -0.4158861
1548651914 -0.40654448
1548651914 -0.37930223
1548651914 -0.3980324
1548651914 -0.3775824
1548651914 -0.36853087
1548651914 -0.3590795
1548651914 -0.3608302
1548651914 0.9612513
1548651914 -0.36312875
1548651914 -0.36480772
1548651914 -0.35436493
1548651914 0.9482054
1548651914 -0.3602039
1548651915 -0.35703608
1548651915 -0.35966152
1548651915 -0.35213867
1548651915 -0.3460702
1548651915 -0.34697372
1548651915 -0.34912625
1548651915 -0.34219557
1548651915 -0.3511835
1548651915 -0.3381448
1548651915 -0.3256044
1548651915 -0.31666875
1548651916 -0.31382912
1548651916 -0.3012035
1548651916 -0.29156825
1548651916 0.6185554
1548651916 -0.30580974
1548651916 -0.30331078
1548651916 -0.30311438
1548651916 -0.3057934
1548651916 -0.30166933
1548651916 -0.29286718
1548651916 -0.2853322
1548651916 -0.2762866
1548651917 -0.2748031
1548651917 -0.27052894
1548651917 -0.2626121
1548651917 -0.262928
1548651917 -0.26006204
1548651917 -0.24753846
1548651917 0.19937575
1548651917 -0.2541418
1548651917 0.27366582
1548651917 -0.2634173
1548651917 -0.25764275
1548651917 -0.25494784
1548651918 0.33442608
1548651918 -0.27599695
1548651918 -0.2708897
1548651918 -0.27700534
1548651918 0.5303458
1548651918 -0.2885498
1548651918 -0.2801306
1548651918 -0.2818978
1548651918 -0.29877603
1548651918 -0.31528547
1548651918 -0.32039827
1548651918 -0.31449866
1548651919 -0.33071488
1548651919 -0.3465583
1548651919 -0.36163482
1548651919 -0.37531215
1548651919 -0.3886619
1548651919 -0.3952531
1548651919 -0.38792533
1548651919 -0.39179927
1548651919 -0.3955414
1548651919 -0.3892068
1548651919 -0.39291537
1548651919 -0.396493
1548651919 -0.39994106
1548651920 1.2634462
1548651920 -0.3999808
1548651920 -0.40301794
1548651920 -0.39881277
1548651920 -0.4018152
1548651920 -0.40469193
1548651920 -0.40744385
1548651920 -0.4036576
1548651920 -0.40603805
1548651920 -0.40913263
1548651920 -0.41449425
1548651920 -0.4197161
1548651921 -0.4247999
1548651921 -0.42974734
1548651921 -0.43973315
1548651921 -0.45364773
1548651921 -0.469476
1548651921 -0.48137274
1548651921 -0.49568
1548651921 -0.5095498
1548651921 -0.52299047
1548651921 -0.5189093
1548651921 -0.53215903
1548651921 -0.5449889
1548651922 -0.5574075
1548651922 -0.55419683
1548651922 -0.5663612
1548651922 -0.5781281
1548651922 -0.5692804
1548651922 -0.5810201
1548651922 -0.58918977
1548651922 0.18925476
1548651922 -0.6120791
1548651922 -0.60676605
1548651922 -0.6140576
1548651922 -0.6236334
1548651922 -0.63288563
1548651923 -0.6418229
1548651923 -0.65045446
1548651923 -0.6405248
1548651923 0.17108473
1548651923 -0.65994287
1548651923 -0.073817216
1548651923 -0.67043567
1548651923 -611.4405
1548651923 -0.7537721
1548651923 -0.7478338
1548651923 -0.7313579
1548651924 -0.7218065
1548651924 -0.7085295
1548651924 -0.7073391
1548651924 -0.7040849
1548651924 -0.70090365
1548651924 -0.6989308
1548651924 -0.6889174
1548651924 -0.6734764
1548651924 -0.6617476
1548651924 -0.65864605
1548651924 -0.6688855
1548651924 -0.6533049
1548651925 -0.64513403
1548651925 -0.63455987
1548651925 -0.62005424
1548651925 -0.5950143
1548651925 -0.57556015
1548651925 -0.56623
1548651925 -0.5605223
1548651925 -0.5701441
1548651925 -0.5410091
1548651925 -0.5503299
1548651925 0.6700019
1548651925 -0.55893886
1548651926 -0.5402659
1548651926 -0.51612455
1548651926 -0.51657265
1548651926 -0.49860427
1548651926 -0.46941718
1548651926 -0.4620913
1548651926 -0.4445928
1548651926 -0.43451962
1548651926 -0.42877465
1548651926 -0.40636626
1548651926 -0.3883535
1548651926 -0.387183
1548651927 -0.3805903
1548651927 -0.37064955
1548651927 -0.36161602
1548651927 -0.37058434
1548651927 -0.35975847
1548651927 -0.36668307
1548651927 -0.35956082
1548651927 -0.3568207
1548651927 -0.36370963
1548651927 -0.35614303
1548651927 -0.36308375
1548651927 -0.37679818
1548651928 -0.3605616
1548651928 -0.3734846
1548651928 -0.3604488
1548651928 -0.37494218
1548651928 -0.36905065
1548651928 -0.3819512
1548651928 -0.3620858
1548651928 -0.37591958
1548651928 -0.39098203
1548651928 -0.37864313
1548651928 -0.39357236
1548651928 -0.3697509
1548651929 -0.35966685
1548651929 -0.36649996
1548651929 -0.37834933
1548651929 -0.37834084
1548651929 -0.36740816
1548651929 -0.3569733
1548651929 -0.36376044
1548651929 -0.35922045
1548651929 -0.36586517
1548651929 -0.37222576
1548651929 -0.3705652
1548651929 -0.37106365
1548651930 -0.36879218
1548651930 -0.3687879
1548651930 -0.35893393
1548651930 -0.36547095
1548651930 -0.36582592
1548651930 -0.3633319
1548651930 -0.3556408
1548651930 -0.36206406
1548651930 -0.3597161
1548651930 -0.35868478
1548651930 -0.3647409
1548651930 -0.36104795
1548651930 -0.36708152
1548651931 -0.3624408
1548651931 -0.3582059
1548651931 -0.34754336
1548651931 -0.35367763
1548651931 -0.35045412
1548651931 -0.35091314
1548651931 -0.3407606
1548651931 -0.34697112
1548651931 -0.35302773
1548651931 -0.3469538
1548651931 1.2099378
1548651932 1.3433474
1548651932 -0.3632087
1548651932 1.4932263
1548651932 -0.3685577
1548651932 -0.35393327
1548651932 -0.3504296
1548651932 -0.34718713
1548651932 -0.3461287
1548651932 -0.3518734
1548651932 -0.36361012
1548651932 -0.34823614
1548651932 -0.3573531
1548651933 -0.37241513
1548651933 -0.3686176
1548651933 -0.38326
1548651933 -0.38014045
1548651933 -0.36519617
1548651933 -0.37985224
1548651933 -0.3941154
1548651933 -0.40798935
1548651933 -0.4130491
1548651933 -0.4070821
1548651933 -0.40748864
1548651933 -0.4209197
1548651934 -0.4075776
1548651934 -0.42086256
1548651934 -0.43377256
1548651934 -0.4175343
1548651934 -0.43061683
1548651934 -0.42309263
1548651934 -0.4358913
1548651934 -0.4483222
1548651934 -0.43980813
1548651934 -0.43119556
1548651934 -0.44367293
1548651934 -0.4557885
1548651935 -0.44749933
1548651935 -0.45651808
1548651935 -0.46603295
1548651935 -0.454286
1548651935 -0.4637633
1548651935 -0.47294912
1548651935 -0.4523342
1548651935 -0.46184033
1548651935 -0.44459262
1548651935 -0.4542258
1548651935 -0.4635656
1548651936 -0.47261712
1548651936 -0.45872578
1548651936 -0.45066246
1548651936 -0.45998284
1548651936 -0.46901572
1548651936 -0.45534405
1548651936 -0.46441436
1548651936 -0.47121415
1548651936 -0.4629433
1548651936 -0.46899527
1548651936 -0.4741789
1548651936 -0.47911015
1548651937 -0.46532017
1548651937 -0.4703051
1548651937 -0.4750396
1548651937 -0.47952724
1548651937 -0.48377186
1548651937 -0.4636078
1548651937 -0.46808535
1548651937 -0.47231767
1548651937 -0.4648778
1548651937 -0.46895248
1548651937 -0.47278622
1548651937 -0.47638163
1548651938 -0.4585185
1548651938 -0.46225083
1548651938 -0.4612788
1548651938 -0.46465242
1548651938 -0.45666257
1548651938 -0.45987526
1548651938 -0.44179776
1548651938 -0.44520894
1548651938 -0.45096025
1548651938 -0.45648956
1548651938 -0.44491857
1548651938 -0.45037222
1548651939 -0.4556076
1548651939 -0.4606281
1548651939 -0.4648093
1548651939 -0.36644107
1548651939 -0.3604327
1548651939 -0.3499288
1548651939 -0.33533937
1548651939 -0.32013685
1548651939 -0.31592157
1548651939 -0.30639023
1548651939 -0.31747955
1548651940 -0.30216938
1548651940 -0.3133792
1548651940 -0.32138517
1548651940 -0.31751415
1548651940 -0.31744322
1548651940 0.5529748
1548651940 -0.3200673
1548651940 -0.30617988
1548651940 -0.31469077
1548651940 -0.31539372
1548651940 -0.3076831
1548651941 -0.29219192
1548651941 -0.2851175
1548651941 -0.28446206
1548651941 -0.28645352
1548651941 -0.27154574
1548651941 -0.25907943
1548651941 -0.25267562
1548651941 -0.2405322
1548651941 -0.23096077
1548651941 -0.231295
1548651941 -0.21994507
1548651942 -0.09642079
1548651942 -0.22548278
1548651942 -0.21407995
1548651942 -0.22715285
1548651942 -0.22943278
1548651942 -0.2324605
1548651942 -0.23773465
1548651942 -0.22900404
1548651942 0.14616197
1548651942 -0.24046338
1548651942 0.38442782
1548651942 -0.24681345
1548651943 -0.24346037
1548651943 -0.23523068
1548651943 -0.22837026
1548651943 -0.24389522
1548651943 0.08162183
1548651943 -0.2458959
1548651943 0.26280892
1548651943 -0.25522184
1548651943 -0.24938248
1548651943 -0.24459706
1548651943 0.43968478
1548651944 -0.25784162
1548651944 -0.24455318
1548651944 0.44177434
1548651944 -0.27490357
1548651944 -0.27307144
1548651944 -0.2742059
1548651944 0.8310958
1548651944 -0.28162274
1548651944 0.9653787
1548651944 -0.30082178
1548651944 -0.30334997
1548651944 -0.31096375
1548651945 -0.3136952
1548651945 -0.30424637
1548651945 -0.30683246
1548651945 -0.29982302
1548651945 -0.30297434
1548651945 -0.30541807
1548651945 -0.30781323
1548651945 -0.3099974
1548651945 -0.31204888
1548651945 -0.3139681
1548651946 -0.31575543
1548651946 -0.3210076
1548651946 -0.3262963
1548651946 -0.33143917
1548651946 -0.336438
1548651946 -0.34129348
1548651946 -0.346007
1548651946 -0.3505796
1548651946 -0.3550126
1548651946 1.3475308
1548651946 -0.3632258
1548651946 -0.3672105
1548651947 -0.37106055
1548651947 -0.37477702
1548651947 -0.37836075
1548651947 -0.38181338
1548651947 -0.39037088
1548651947 -0.4054634
1548651947 -0.42013952
1548651947 -0.43440348
1548651947 -0.44825968
1548651947 -0.6882401
1548651948 -0.6791826
1548651948 -0.6694684
1548651948 -0.65040636
1548651948 -0.6399728
1548651948 -0.6217383
1548651948 -0.5950788
1548651948 -0.567712
1548651948 -0.56445813
1548651948 -0.57359886
1548651948 -0.5606292
1548651948 -0.54063034
1548651948 -0.53477734
1548651949 -0.5271957
1548651949 -0.5055027
1548651949 -0.48611122
1548651949 -0.48217237
1548651949 -0.493107
1548651949 -0.48595658
1548651949 -0.4654069
1548651949 -0.44416136
1548651949 -0.42705715
1548651949 -0.41417283
1548651949 -0.41075572
1548651950 -0.39425707
1548651950 -0.40159556
1548651950 -0.38966504
1548651950 -0.38374758
1548651950 -0.3802531
1548651950 -0.38615614
1548651950 -0.38481495
1548651950 0.9028217
1548651950 -0.3787018
1548651950 -0.37546903
1548651950 -0.3667695
1548651950 -0.3648025
1548651951 -0.3630519
1548651951 -0.35964182
1548651951 -0.35451657
1548651951 -0.3451949
1548651951 -0.33542073
1548651951 -0.32674295
1548651951 -0.31589085
1548651951 -0.31218186
1548651951 -0.30881485
1548651951 -0.2999322
1548651951 -0.29119602
1548651952 -0.29753038
1548651952 -0.28175834
1548651952 -0.27504474
1548651952 -0.26481804
1548651952 -0.250475
1548651952 -0.24160971
1548651952 -0.23394816
1548651952 -0.21752407
1548651952 -0.20229116
1548651952 0.54400384
1548651952 -0.21568467
1548651952 -0.21566793
1548651953 -0.20061083
1548651953 -0.19762252
1548651953 0.6165499
1548651953 -0.20357841
1548651953 0.8435542
1548651953 0.8054616
1548651953 -0.2171613
1548651953 -0.20596708
1548651953 1.0116726
1548651953 -0.20118523
1548651953 1.5897816
1548651954 1.8407309
1548651954 -0.18257393
1548651954 1.6514158
1548651954 2.2095544
1548651954 -0.18682323
1548651954 2.1987262
1548651954 -0.19004412
1548651954 2.6698835
1548651954 -0.20197167
1548651954 -0.21157052
1548651954 -0.22090718
1548651954 -0.22901678
1548651955 -0.23327339
1548651955 -0.23725913
1548651955 -0.24097583
1548651955 -0.24442455
1548651955 -0.24760671
1548651955 -0.25052378
1548651955 -0.2531767
1548651955 -0.25556675
1548651955 -0.25668672
1548651955 -0.25756294
1548651955 -0.27170494
1548651956 -0.2892849
1548651956 -0.30640295
1548651956 -0.3230595
1548651956 -0.33867294
1548651956 -0.35452268
1548651956 -0.37549254
1548651956 -0.39482945
1548651956 -0.4169367
1548651956 -0.4402471
1548651956 -0.4627946
1548651956 -0.48457944
1548651957 -0.46356967
1548651957 -0.47961098
1548651957 -0.4954111
1548651957 -0.5104244
1548651957 -0.5249465
1548651957 -0.5389871
1548651957 -0.552556
1548651957 -0.5656639
1548651957 -0.56349814
1548651957 -0.57616186
1548651957 -0.5601207
1548651958 -0.57311666
1548651958 -0.57265294
1548651958 -0.5605363
1548651958 -0.57370955
1548651958 -0.5669337
1548651958 -0.5559772
1548651958 -0.5695224
1548651958 -0.5616116
1548651958 -0.5750508
1548651958 -0.57382745
1548651958 -0.5596588
1548651958 -0.5736505
1548651959 -0.5714903
1548651959 -0.5850688
1548651959 -0.58845645
1548651959 -0.5856231
1548651959 -0.5671754
1548651959 -0.57899255
1548651959 -0.59213054
1548651959 -0.57797337
1548651959 -0.5912785
1548651959 -0.58163524
1548651959 -0.59484494
1548651959 -0.599235
1548651960 -0.6117693
1548651960 -0.6049853
1548651960 -0.61732495
1548651960 -0.6154872
1548651960 -0.6143757
1548651960 -0.6263594
1548651960 1.7115891
1548651960 -0.6274231
1548651960 -0.61749774
1548651960 -0.6299327
1548651960 -0.6270335
1548651961 -0.63727194
1548651961 -0.63045144
1548651961 -0.62812805
1548651961 -0.6398343
1548651961 -0.62674856
1548651961 -0.6385509
1548651961 -0.62735647
1548651961 -0.63922435
1548651961 -0.6273262
1548651961 -0.6392512
1548651961 -0.63921833
1548651962 -0.6406043
1548651962 -0.6289758
1548651962 -0.6409594
1548651962 -0.6340709
1548651962 -0.638031
1548651962 -0.6366436
1548651962 -0.6393502
1548651962 -0.62808305
1548651962 -0.6291361
1548651962 -0.6269995
1548651962 -0.6235988
1548651962 -0.61156505
1548651963 -0.62460524
1548651963 -0.6233445
1548651963 -0.63595384
1548651963 -0.6246364
1548651963 -0.6199307
1548651963 -0.63285
1548651963 -0.6309525
1548651963 -0.63419306
1548651963 -0.6441743
1548651963 -0.6482425
1548651963 -0.6400001
1548651964 -0.620732
1548651964 1.4873827
1548651964 -0.64754605
1548651964 -0.6322754
1548651964 -0.6234294
1548651964 -0.6200146
1548651964 -0.6171528
1548651964 -0.60954785
1548651964 -0.6013087
1548651964 -0.6144667
1548651964 1.6791166
1548651965 -0.6421725
1548651965 -0.63278556
1548651965 -0.6234099
1548651965 -0.6361065
1548651965 -0.6491687
1548651965 -0.6516649
1548651965 -0.6448951
1548651965 -0.6402776
1548651965 -0.62981397
1548651965 -0.6425363
1548651965 -0.63678044
1548651966 -0.64931613
1548651966 -0.6388012
1548651966 -0.6513635
1548651966 -0.6548631
1548651966 -0.65423775
1548651966 -0.6503281
1548651966 -0.66262555
1548651966 0.78187156
1548651966 -0.6787065
1548651966 -0.67460763
1548651966 -0.67342734
1548651967 -0.6865348
1548651967 -0.6896485
1548651967 -0.70211595
1548651967 -0.6969732
1548651967 -0.7091702
1548651967 -0.7142305
1548651967 -0.71802413
1548651967 -0.7138216
1548651967 -0.72543454
1548651967 -0.73653674
1548651967 -0.7393674
1548651968 -0.7413453
1548651968 -0.7518283
1548651968 -0.7572989
1548651968 -0.74879676
1548651968 -0.75908405
1548651968 -0.7581664
1548651968 -0.75640774
1548651968 -0.7665595
1548651968 -0.76759744
1548651968 -0.76668406
1548651968 -0.7763282
1548651968 -0.7855283
1548651969 -0.781954
1548651969 -0.7910376
1548651969 -0.7923589
1548651969 -0.8009825
1548651969 -0.79796726
1548651969 -0.8064674
1548651969 -0.80924636
1548651969 -0.8172498
1548651969 -0.81653595
1548651969 -0.8163999
1548651969 -0.8159865
1548651970 -0.82020575
1548651970 -0.8235342
1548651970 -0.83132577
1548651970 -0.82737535
1548651970 -0.8351655
1548651970 -0.8425648
1548651970 -0.84387577
1548651970 -0.8509201
1548651970 -0.8500099
1548651970 -0.849038
1548651970 -0.856105
1548651970 -0.8628049
1548651971 -0.86219656
1548651971 -0.86500514
1548651971 -0.8714531
1548651971 -0.8729313
1548651971 -0.8797676
1548651971 -0.88361096
1548651971 -0.8863503
1548651971 -0.8918544
1548651971 -0.89271545
1548651971 -0.89332104
1548651972 -0.8986607
1548651972 -0.901724
1548651972 -0.90380734
1548651972 -0.9086978
1548651972 -0.91032296
1548651972 -0.9159266
1548651972 -0.92009693
1548651972 -0.92416745
1548651972 -0.92589486
1548651972 -0.9283783
1548651972 -0.93157876
1548651972 -0.93514246
1548651973 -0.93778175
1548651973 -0.6116907
1548651973 -0.944806
1548651973 -0.94877344
1548651973 -0.95193774
1548651973 -0.9531265
1548651973 -0.95557815
1548651973 -0.95773894
1548651973 -0.96069396
1548651973 -0.9625797
1548651973 -0.96435475
1548651974 -0.9655802
1548651974 -0.9672239
1548651974 -0.9685131
1548651974 -0.9700048
1548651974 -0.97147447
1548651974 -0.97340846
1548651974 -0.9753323
1548651974 -0.9772846
1548651974 -0.9782355
1548651974 -0.97937554
1548651974 -0.98057497
1548651974 -0.98156255
1548651975 -0.98313385
1548651975 -0.9841082
1548651975 -0.9849538
1548651975 -0.98614174
1548651975 -0.9868011
1548651975 -0.98779166
1548651975 -2.4533515
1548651975 -0.9890712
1548651975 -0.9897275
1548651975 -0.99035513
1548651975 -0.9910736
1548651976 -0.99158424
1548651976 -0.9922949
1548651976 -0.99307543
1548651976 -0.9934398
1548651976 -0.9939665
1548651976 -0.994334
1548651976 -0.99473333
1548651976 -0.99512386
1548651976 -0.99546313
1548651976 -0.9956972
1548651976 -0.99589795
1548651977 -0.99616593
1548651977 -0.9963666
1548651977 -0.996592
1548651977 -0.9968205
1548651977 -0.99711573
1548651977 -3.2426856
1548651977 -0.99760115
1548651977 -3.3956141
1548651977 -0.99794567
1548651977 -0.9981734
1548651977 -0.99836713
1548651977 -0.99854213
1548651978 -0.9986955
1548651978 -0.5236948
1548651978 -0.5373812
1548651978 -0.5509952
1548651978 -0.5641703
1548651978 -0.5768906
1548651978 -0.58906966
1548651978 -0.60083014
1548651978 -0.6121833
1548651978 -0.6231399
1548651979 -0.63371074
1548651979 -0.6439068
1548651979 -0.6356411
1548651979 -0.6474884
1548651979 -0.6470427
1548651979 -0.6334641
1548651979 -0.64304715
1548651979 -0.64407915
1548651979 -0.640849
1548651979 -0.6502049
1548651979 -0.64420134
1548651979 -0.63378024
1548651980 -0.64357626
1548651980 -0.6276281
1548651980 -0.6378706
1548651980 -0.63338697
1548651980 -0.6438455
1548651980 -0.63477623
1548651980 -0.63558203
1548651980 -0.64582324
1548651980 -0.6422334
1548651980 -0.65210646
1548651980 -0.6432708
1548651981 -0.65316236
1548651981 -0.6421209
1548651981 -0.6535112
1548651981 -0.6458651
1548651981 -0.6553475
1548651981 -0.65317935
1548651981 -0.66035527
1548651981 -0.6469875
1548651981 -0.65653133
1548651981 -0.64139426
1548651981 -0.6513213
1548651982 -0.6562609
1548651982 -0.65268654
1548651982 1.0671365
1548651982 -0.6561396
1548651982 -0.66613656
1548651982 -0.6743752
1548651982 0.4152663
1548651982 -0.69116616
1548651982 -0.6882257
1548651982 -0.6851695
1548651982 -0.6939481
1548651982 -0.6923128
1548651983 -0.70070916
1548651983 -0.7058402
1548651983 -0.7022623
1548651983 -0.71004766
1548651983 -0.7175445
1548651983 -0.7247627
1548651983 -0.71934015
1548651983 -0.7167824
1548651983 -0.715719
1548651983 -0.7091403
1548651983 -0.7036693
1548651984 -0.69984996
1548651984 0.46189925
1548651984 -0.7147033
1548651984 0.19430868
1548651984 -0.7234436
1548651984 -0.72033906
1548651984 -0.7128427
1548651984 -0.7214164
1548651984 -0.72164536
1548651984 -0.71476287
1548651984 -0.72329485
1548651985 -0.7205296
1548651985 -0.72884685
1548651985 -0.7253999
1548651985 -0.73079765
1548651985 -0.7295986
1548651985 -0.7296967
1548651985 -0.7212291
1548651985 -0.72969747
1548651985 -0.73783624
1548651985 -0.7342123
1548651985 -0.7421609
1548651985 -0.73466694
1548651986 -0.74264014
1548651986 -0.740043
1548651986 -0.7280406
1548651986 -0.736585
1548651986 -0.74479204
1548651986 -0.7433298
1548651986 -0.7524026
1548651986 -0.7442968
1548651986 -0.74003416
1548651986 -0.7398799
1548651986 -0.74175817
1548651987 -0.7495812
1548651987 -0.7410494
1548651987 -0.749023
1548651987 -0.7480039
1548651987 -0.75563085
1548651987 -0.7629559
1548651987 -0.75764704
1548651987 -0.75039554
1548651987 -0.7581729
1548651987 -0.755106
1548651987 -0.76271504
1548651988 0.004780106
1548651988 -0.76117754
1548651988 -0.7571678
1548651988 -0.7655313
1548651988 -0.76729214
1548651988 -0.77035075
1548651988 -0.76928544
1548651988 -0.77713734
1548651988 -0.7679945
1548651988 -0.7760946
1548651988 -0.7838522
1548651989 -0.7801847
1548651989 -0.7879041
1548651989 -0.78287756
1548651989 -0.7906314
1548651989 -0.7886673
1548651989 -0.7962813
1548651989 -0.79632676
1548651989 -0.7978309
1548651989 -0.79426575
1548651989 -0.8019863
1548651989 -0.8018352
1548651989 -0.8092376
1548651990 -0.80746585
1548651990 -0.81474847
1548651990 -0.81328195
1548651990 -0.82042694
1548651990 -0.8267845
1548651990 -0.8275991
1548651990 -0.8336312
1548651990 -0.83622766
1548651990 -0.8365526
1548651990 -0.84227204
1548651990 -0.83986634
1548651991 -0.84556
1548651991 -0.8477326
1548651991 -0.85311025
1548651991 -0.860477
1548651991 -0.8550917
1548651991 -0.85745007
1548651991 -0.8625555
1548651991 -0.86491615
1548651991 -0.86970216
1548651991 -0.87268686
1548651991 -0.87712777
1548651992 -0.88025045
1548651992 -0.88434714
1548651992 -1.1907673
1548651992 -0.88968486
1548651992 -0.89535844
1548651992 -0.89308316
1548651992 -0.8944027
1548651992 -0.89906293
1548651992 -0.8979578
1548651992 -0.9032016
1548651992 -0.9050883
1548651993 -0.9078633
1548651993 -0.90992844
1548651993 -0.9134728
1548651993 -0.91452605
1548651993 -0.9144408
1548651993 -0.91484964
1548651993 -0.91616416
1548651993 -0.91641897
1548651993 -0.91889066
1548651993 -0.9198035
1548651993 -0.9220215
1548651994 -0.9234883
1548651994 -0.9231833
1548651994 -0.9243392
1548651994 -0.9253816
1548651994 -0.92707694
1548651994 -0.9290472
1548651994 -0.9291157
1548651994 -0.93107593
1548651994 -0.93331087
1548651994 -0.93325365
1548651994 -0.9339322
1548651995 -0.93513626
1548651995 -0.9363142
1548651995 -0.9370404
1548651995 -0.93746275
1548651995 -0.93871486
1548651995 -0.94012487
1548651995 -0.94109523
1548651995 -0.9420701
1548651995 -0.9428777
1548651995 -0.9440436
1548651996 -0.94435567
1548651996 -0.9461725
1548651996 -0.9470563
1548651996 -0.94806105
1548651996 -0.76772714
1548651996 -0.7584822
1548651996 -0.74974835
1548651996 -0.7475067
1548651996 -0.74405116
1548651996 -0.7424689
1548651997 -0.74112666
1548651997 -0.73980117
1548651997 -0.73999673
1548651997 -0.7456466
1548651997 -0.74386424
1548651997 -0.74932295
1548651997 -0.7451976
1548651997 -0.75061923
1548651997 -0.7480209
1548651997 -0.75328743
1548651997 -0.7518632
1548651998 -0.75879765
1548651998 -0.7523395
1548651998 -0.7569919
1548651998 -0.75747573
1548651998 -0.75356793
1548651998 -0.7490714
1548651998 -0.7539576
1548651998 -0.752868
1548651998 -0.7576696
1548651998 -0.75307053
1548651998 -0.75777084
1548651999 -0.76007456
1548651999 -0.75933385
1548651999 -0.7578314
1548651999 -0.7622669
1548651999 -0.7592154
1548651999 -0.76494205
1548651999 -0.7640042
1548651999 -0.75936383
1548651999 -0.7551436
1548651999 -0.7516225
1548651999 -0.75602746
1548652000 -0.7484191
1548652000 -0.7530259
1548652000 -0.7503251
1548652000 -0.7548617
1548652000 -0.7497089
1548652000 -0.75434524
1548652000 -0.76184696
1548652000 -0.75622207
1548652000 -0.75517815
1548652000 -0.74924034
1548652000 -0.7463406
1548652001 -0.75108474
1548652001 -0.7486619
1548652001 -0.7534214
1548652001 -0.7477543
1548652001 -0.74325097
1548652001 -0.7494563
1548652001 -0.738144
1548652001 -0.730365
1548652001 -0.7362371
1548652001 -0.7447723
1548652001 -0.7549479
1548652002 -0.7643569
1548652002 -0.76592565
1548652002 -0.7560165
1548652002 -0.76517403
1548652002 -0.763268
1548652002 -0.76233166
1548652002 -0.76983327
1548652002 -0.77701515
1548652002 -0.77958524
1548652002 -0.77150023
1548652003 -0.7727292
1548652003 -0.76349837
1548652003 -0.77110255
1548652003 -0.77349323
1548652003 -0.7637877
1548652003 -0.7714683
1548652003 -0.7788183
1548652003 -0.7766317
1548652003 -0.7736679
1548652003 -0.7810285
1548652003 -0.77859885
1548652004 -0.7761987
1548652004 -0.7755413
1548652004 -0.7831386
1548652004 -0.7799159
1548652004 -0.776546
1548652004 -0.78481525
1548652004 -0.7830142
1548652004 -1.4027343
1548652004 -0.78479123
1548652004 -0.79343534
1548652004 -0.78481996
1548652005 -0.7936626
1548652005 -0.78731084
1548652005 -0.7960804
1548652005 -0.80444247
1548652005 -0.8035369
1548652005 -0.79767686
1548652005 -0.80602914
1548652005 -0.80172694
1548652005 -0.80990064
1548652005 -0.8123465
1548652005 -0.81340116
1548652006 -0.8210561
1548652006 -0.82054436
1548652006 -1.5299817
1548652006 -0.826859
1548652006 -0.82153946
1548652006 -0.8166986
1548652006 -0.82490396
1548652006 -0.8237416
1548652006 -0.83159083
1548652006 -0.82768655
1548652006 -0.83541405
1548652007 -0.8315914
1548652007 -0.8392217
1548652007 -0.8410822
1548652007 -0.8416401
1548652007 -0.8385436
1548652007 -0.8458978
1548652007 -0.8444536
1548652007 -0.85166144
1548652007 -0.8530935
1548652007 -0.8607184
1548652008 -0.8629035
1548652008 -0.8613747
1548652008 -0.8607361
1548652008 -0.86540514
1548652008 -0.8620437
1548652008 -0.8635287
1548652008 -0.86461025
1548652008 -0.8633402
1548652008 -0.8604079
1548652008 -0.860697
1548652008 -0.8673449
1548652009 -0.868182
1548652009 -0.8698688
1548652009 -0.8660181
1548652009 -0.8727463
1548652009 -0.8764522
1548652009 -0.8805024
1548652009 -0.882324
1548652009 -0.88321203
1548652009 -0.88290435
1548652009 -0.88700175
1548652009 -0.88608015
1548652010 -0.72122806
1548652010 -0.7285182
1548652010 -0.7356856
1548652010 -0.74256486
1548652010 -0.74916816
1548652010 -0.74641967
1548652010 -0.75305843
1548652010 -0.75942576
1548652010 -0.7654568
1548652010 -0.7658926
1548652011 -0.7642838
1548652011 -0.76672286
1548652011 -0.77239263
1548652011 -0.7686648
1548652011 -0.7743772
1548652011 -0.7701154
1548652011 -0.7759411
1548652011 -0.7760792
1548652011 -0.7816783
1548652011 -0.78361523
1548652011 -0.78887796
1548652012 -0.7881592
1548652012 -0.79519486
1548652012 -0.7975984
1548652012 -0.7920525
1548652012 -0.79834425
1548652012 -0.8077037
1548652012 -0.8128013
1548652012 -0.8071749
1548652012 -0.8149529
1548652012 -0.81512797
1548652012 -0.813469
1548652013 -0.8203492
1548652013 -0.8178787
1548652013 -0.8151345
1548652013 -0.822118
1548652013 -0.8158017
1548652013 -0.8229476
1548652013 -0.8297527
1548652013 -0.8281848
1548652013 -0.82893
1548652013 -0.83570594
1548652013 -0.8332547
1548652014 -0.83363044
1548652014 -0.8320004
1548652014 -0.83883286
1548652014 -0.83674765
1548652014 -0.84348273
1548652014 -0.84312105
1548652014 -0.84394187
1548652014 -0.8505478
1548652014 -0.85154665
1548652014 -0.8525288
1548652015 -0.85466737
1548652015 -0.86101586
1548652015 -0.8613687
1548652015 -0.86314744
1548652015 -0.8625229
1548652015 -0.86611897
1548652015 -0.86713636
1548652015 -0.87289214
1548652015 -0.8734385
1548652015 -0.8734973
1548652015 -0.87805545
1548652016 -0.8817494
1548652016 -0.8850294
1548652016 -0.8860764
1548652016 -0.8842074
1548652016 -0.88179255
1548652016 -0.8845836
1548652016 -0.8841398
1548652016 -0.8857437
1548652016 -0.8862816
1548652016 -0.889098
1548652016 -0.8924057
1548652017 -0.8936817
1548652017 -0.89642465
1548652017 -0.9006844
1548652017 -0.90135026
1548652017 -0.9054888
1548652017 -0.9076343
1548652017 -0.90887254
1548652017 -0.9107032
1548652017 -0.914463
1548652017 -0.9150583
1548652017 -0.919422
1548652018 -0.92403543
1548652018 -0.9284963
1548652018 -0.9311991
1548652018 -0.9331143
1548652018 -0.39169824
1548652018 -0.37765273
1548652018 -0.36412433
1548652018 -0.3527221
1548652018 -0.35342818
1548652018 -0.34634498
1548652019 -0.3319212
1548652019 -0.3424267
1548652019 -0.33643058
1548652019 -0.32775468
1548652019 -0.33837757
1548652019 -0.33581942
1548652019 -0.32121763
1548652019 -0.31219643
1548652019 -0.32317644
1548652019 -0.31549323
1548652019 -0.32640845
1548652020 -0.3239352
1548652020 0.8109348
1548652020 -0.3280595
1548652020 -0.31330124
1548652020 -0.29921827
1548652020 -0.31140164
1548652020 -0.3189839
1548652020 -0.31116953
1548652020 -0.30145273
1548652020 -0.3146591
1548652021 -0.30827707
1548652021 -0.296219
1548652021 -0.28020936
1548652021 -0.29277602
1548652021 -0.30506128
1548652021 -0.30548748
1548652021 -0.29127046
1548652021 -0.30360705
1548652021 -0.30061817
1548652021 -0.29369062
1548652021 -0.28063703
1548652022 -0.29323846
1548652022 -0.28815845
1548652022 -0.30060312
1548652022 -0.29122788
1548652022 -0.30361372
1548652022 -0.30209824
1548652022 -0.31425592
1548652022 -0.30773222
1548652022 -0.2943494
1548652022 -0.30667886
1548652023 -0.3090555
1548652023 -0.30112433
1548652023 -0.29934207
1548652023 -0.29245365
1548652023 -0.28031906
1548652023 -0.29295063
1548652023 -0.29050773
1548652023 -0.30272418
1548652023 -0.29419282
1548652023 -0.2941193
1548652023 -0.28621817
1548652024 -0.29807103
1548652024 -0.2837605
1548652024 -0.29560494
1548652024 -0.30717924
1548652024 -0.31298262
1548652024 -0.32397947
1548652024 -0.31262562
1548652024 -0.3042261
1548652024 -0.094937555
1548652024 0.15094934
1548652025 -0.32445315
1548652025 -0.3155762
1548652025 0.19168214
1548652025 -0.31411207
1548652025 -0.31724036
1548652025 -0.31533837
1548652025 -0.31218433
1548652025 -0.31495014
1548652025 -0.30517024
1548652025 -0.3079987
1548652025 -0.31069273
1548652026 -0.31325305
1548652026 -0.3156808
1548652026 -0.3179758
1548652026 -0.3201394
1548652026 -0.31350863
1548652026 -0.31564063
1548652026 -0.31764132
1548652026 -0.31951115
1548652026 -0.32337192
1548652026 -0.32790825
1548652026 -0.32053888
1548652027 -0.32495075
1548652027 -0.32922536
1548652027 -0.33336374
1548652027 -0.33056784
1548652027 -0.33454472
1548652027 -0.3383876
1548652027 -0.34209716
1548652027 -0.3348944
1548652027 -0.33849594
1548652027 0.42293355
1548652027 -0.34481862
1548652028 -0.48845258
1548652028 -0.48033553
1548652028 -0.44970945
1548652028 -0.4291699
1548652028 -0.4198537
1548652028 -0.40761012
1548652028 -0.40380326
1548652028 -0.39966735
1548652028 -0.4075861
1548652028 -0.39070886
1548652029 -0.3868991
1548652029 -0.36993724
1548652029 -0.36020103
1548652029 -0.35980535
1548652029 -0.3440163
1548652029 -0.3322269
1548652029 -0.3182015
1548652029 -0.3077409
1548652029 -0.2912391
1548652029 -0.277761
1548652030 -0.28889528
1548652030 -0.27653512
1548652030 -0.28767708
1548652030 -0.27441058
1548652030 -0.28557798
1548652030 -0.2817264
1548652030 -0.26989746
1548652030 -0.2708736
1548652030 -0.26127455
1548652030 -0.25498372
1548652030 -0.24901055
1548652031 -0.24166504
1548652031 -0.23873967
1548652031 0.16426285
1548652031 -0.24497259
1548652031 0.18151931
1548652031 0.52698284
1548652031 -0.26625693
1548652031 -0.25853604
1548652031 0.63931876
1548652031 -0.26516873
1548652032 0.61534035
1548652032 -0.26618272
1548652032 0.7531791
1548652032 -0.26985687
1548652032 0.9334384
1548652032 -0.27780548
1548652032 -0.26442933
1548652032 -0.27161136
1548652032 -0.27097565
1548652032 -0.2837986
1548652032 -0.29633936
1548652033 -0.30859917
1548652033 -0.32004812
1548652033 -0.32517412
1548652033 -0.32827988
1548652033 -0.33125243
1548652033 -0.33409247
1548652033 -0.3248357
1548652033 -0.32748458
1548652033 -0.33000228
1548652033 -0.33238947
1548652034 -0.33464673
1548652034 -0.33677426
1548652034 -0.3287666
1548652034 -0.33194757
1548652034 -0.3369095
1548652034 -0.34173164
1548652034 -0.34641567
1548652034 -0.3509622
1548652034 -0.3553729
1548652034 -0.35964844
1548652034 -0.36379
1548652035 -0.36779895
1548652035 -0.36465737
1548652035 -0.35731456
1548652035 -0.36122787
1548652035 -0.36500967
1548652035 -0.3686612
1548652035 -0.37218353
1548652035 -0.37557745
1548652035 -0.37884405
1548652035 -0.38671795
1548652036 -0.39905354
1548652036 -0.39910913
1548652036 -0.41100186
1548652036 -0.4217685
1548652036 -0.40722564
1548652036 -0.41515118
1548652036 -0.42278686
1548652036 -0.4140846
1548652036 -0.42160067
1548652036 -0.42883357
1548652036 -0.4096552
1548652037 -0.4170641
1548652037 -0.4239827
1548652037 -0.42912006
1548652037 -0.43400618
1548652037 -0.4386453
1548652037 -0.44429764
1548652037 -0.44992206
1548652037 -0.45529974
1548652037 -0.46019617
1548652037 -0.46404177
1548652038 -0.46764573
1548652038 -0.47182953
1548652038 -0.47927827
1548652038 -0.4864506
1548652038 -0.4933519
1548652038 -0.764947
1548652038 -0.7707356
1548652038 -0.77639306
1548652038 -0.7764184
1548652038 -0.7819217
1548652039 -0.78036505
1548652039 -0.7857387
1548652039 -0.7832173
1548652039 -0.7824981
1548652039 -0.7859469
1548652039 -0.78523654
1548652039 -0.7907448
1548652039 -0.7961977
1548652039 -0.79872036
1548652039 -0.8020309
1548652039 -0.8047164
1548652040 -0.8018175
1548652040 -0.8086117
1548652040 -0.80739015
1548652040 -0.80947024
1548652040 -0.8093544
1548652040 -0.81454355
1548652040 -0.80966437
1548652040 -0.8168447
1548652040 -0.8251885
1548652040 -0.8221622
1548652041 -0.8294569
1548652041 -0.82992536
1548652041 -0.82796854
1548652041 -0.82534456
1548652041 -0.8323162
1548652041 -0.8349743
1548652041 -0.83819014
1548652041 -0.8356649
1548652041 -0.83700573
1548652041 -0.8344193
1548652042 -2.0596726
1548652042 -0.8470258
1548652042 -0.8464608
1548652042 -0.84685355
1548652042 -2.543975
1548652042 -0.8524081
1548652042 -0.8548392
1548652042 -0.8573479
1548652042 -0.85894406
1548652042 -0.858095
1548652042 -0.862266
1548652043 -0.86406666
1548652043 -0.86772823
1548652043 -0.8687426
1548652043 -0.87130064
1548652043 -0.8715829
1548652043 -0.8745021
1548652043 -0.8760303
1548652043 -0.87972593
1548652043 -0.88123626
1548652043 -0.88288796
1548652043 -0.8846805
1548652044 -0.8894967
1548652044 -0.89372
1548652044 -0.89593863
1548652044 -2.95008
1548652044 -0.9004267
1548652044 -0.90236735
1548652044 -0.9064274
1548652044 -0.91158056
1548652044 -0.9137603
1548652044 -0.91813064
1548652045 -0.9198923
1548652045 -0.9231683
1548652045 -0.9250393
1548652045 -0.9275434
1548652045 -0.9304636
1548652045 -0.9329207
1548652045 -0.934346
1548652045 -0.9363921
1548652045 -0.7210138
1548652045 -0.7071305
1548652046 -0.6982341
1548652046 -0.68655795
1548652046 -0.6775932
1548652046 -0.66709614
1548652046 -0.66087025
1548652046 -0.64828885
1548652046 -0.632952
1548652046 -0.60979104
1548652046 -0.60174614
1548652046 -0.58311605
1548652047 -0.56209624
1548652047 -0.53961563
1548652047 -0.5310102
1548652047 -0.5247068
1548652047 -0.504019
1548652047 -0.4924133
1548652047 -0.5019245
1548652047 -0.47480294
1548652047 -0.48057008
1548652047 -0.45508543
1548652048 -0.4451227
1548652048 -0.42780012
1548652048 -0.42311674
1548652048 -0.4194104
1548652048 -0.41219637
1548652048 -0.39710087
1548652048 -0.3872383
1548652048 -0.3781073
1548652048 -0.3716155
1548652048 -0.36118796
1548652049 -0.34677887
1548652049 -0.3397512
1548652049 -0.3268123
1548652049 -0.3233464
1548652049 -0.3227988
1548652049 -0.3060547
1548652049 -0.29664218
1548652049 -0.28058434
1548652049 -0.5351663
1548652049 -0.27188727
1548652050 -0.26339006
1548652050 -0.254691
1548652050 -0.25073764
1548652050 -0.2413998
1548652050 -0.23227245
1548652050 -0.22288693
1548652050 -0.21026798
1548652050 -0.7450602
1548652050 -0.13473696
1548652050 -0.20410883
1548652051 -0.23366295
1548652051 -0.18942513
1548652051 -0.21869074
1548652051 0.07369252
1548652051 -0.2015845
1548652051 0.22714493
1548652051 0.59148383
1548652051 0.72669286
1548652051 -0.19985576
1548652051 0.6614823
1548652052 -0.1968937
1548652052 -0.19440961
1548652052 1.2328812
1548652052 1.3974267
1548652052 -0.19626307
1548652052 1.5575359
1548652052 1.7263421
1548652052 -0.18844563
1548652052 1.6094499
1548652052 1.8897097
1548652053 2.0385306
1548652053 -0.18732205
1548652053 2.5972474
1548652053 2.9252207
1548652053 -0.1876982
1548652053 -0.18142773
1548652053 -0.18214878
1548652053 -0.17495127
1548652053 -0.16999926
1548652053 -0.16287123
1548652054 -0.155964
1548652054 -0.14756411
1548652054 -0.14472501
1548652054 -0.14328812
1548652054 -0.12138441
1548652054 -0.107767105
1548652054 1.2541338
1548652054 -0.10679668
1548652054 -0.104459636
1548652054 -0.10127687
1548652055 -0.09631588
1548652055 0.3807953
1548652055 -0.10105641
1548652055 -0.100870885
1548652055 -0.10076952
1548652055 -0.10292308
1548652055 -0.113772884
1548652055 -0.12211242
1548652055 -0.12724687
1548652055 -0.13168024
1548652055 -0.1361787
1548652056 -0.15628052
1548652056 -0.18176785
1548652056 -0.2070194
1548652056 -0.24333146
1548652056 -0.27327198
1548652056 -0.3082719
1548652056 -0.34182596
1548652056 -0.37284556
1548652056 -0.749395
1548652057 -0.7558396
1548652057 -0.76202714
1548652057 -0.7679546
1548652057 -0.77363676
1548652057 -0.77908313
1548652057 -0.7843025
1548652057 -0.7893791
1548652057 -0.798942
1548652057 -0.80040747
1548652057 -0.7982828
1548652058 -0.8077413
1548652058 -0.8076196
1548652058 -0.81665426
1548652058 -0.8106762
1548652058 -0.8196516
1548652058 -0.82709503
1548652058 -0.82274383
1548652058 -0.82916826
1548652058 -0.82795
1548652058 -0.83413434
1548652059 -0.8337253
1548652059 -0.8354193
1548652059 -0.83476585
1548652059 -0.8350418
1548652059 -0.84063625
1548652059 -0.8401146
1548652059 -0.84580433
1548652059 -0.84644586
1548652059 -0.845993
1548652059 -0.8482845
1548652059 -0.85032004
1548652060 -0.8474129
1548652060 -0.84620345
1548652060 -0.8465035
1548652060 -0.85215914
1548652060 -0.84845597
1548652060 -0.8541039
1548652060 -0.85310894
1548652060 -0.8505626
1548652060 -0.8561904
1548652060 -0.853014
1548652061 -0.85868245
1548652061 -0.8620639
1548652061 -0.86586106
1548652061 -0.8668737
1548652061 -0.86503595
1548652061 -0.86645365
1548652061 -0.8703807
1548652061 -0.8749936
1548652061 -0.87709534
1548652061 -0.877977
1548652062 -0.87896246
1548652062 -0.8775242
1548652062 -0.88084525
1548652062 -0.8796031
1548652062 -0.88297766
1548652062 -0.88484544
1548652062 -0.8895672
1548652062 -0.8883016
1548652062 -0.8882851
1548652062 -0.8882153
1548652063 -0.8872442
1548652063 -0.8900785
1548652063 -0.88950896
1548652063 -0.8908712
1548652063 -0.8907605
1548652063 -0.8918895
1548652063 -0.89155954
1548652063 -0.89054996
1548652063 -2.0896995
1548652063 -0.8906875
1548652064 -0.8916825
1548652064 -0.8915012
1548652064 -0.8931722
1548652064 -0.89296246
1548652064 -0.8920326
1548652064 -0.8939928
1548652064 -0.89373493
1548652064 -0.89348906
1548652064 -0.53881794
1548652064 -0.5083931
1548652065 -0.48882535
1548652065 -0.47576988
1548652065 -0.46955422
1548652065 -0.45546108
1548652065 -0.45272747
1548652065 -0.4345012
1548652065 -0.4293441
1548652065 -0.43589786
1548652065 -0.4306382
1548652065 -0.42388463
1548652066 -0.4003379
1548652066 -0.40686372
1548652066 -0.39394683
1548652066 -0.40021977
1548652066 -0.39668468
1548652066 -0.37548965
1548652066 -0.38203514
1548652066 -0.3732942
1548652066 -0.3670954
1548652066 -0.35473695
1548652067 -0.34210056
1548652067 -0.3357093
1548652067 -0.33111903
1548652067 -0.3168103
1548652067 -0.30339402
1548652067 -0.29444715
1548652067 -0.28776455
1548652067 -0.27996936
1548652067 -0.28201878
1548652068 -0.28049594
1548652068 -0.2693139
1548652068 -0.26455116
1548652068 -0.25829592
1548652068 -0.24864581
1548652068 -0.23972648
1548652068 -0.23610967
1548652068 -0.22235714
1548652068 -0.20730343
1548652068 -0.6305291
1548652069 -0.44555563
1548652069 -0.4070069
1548652069 0.19240072
1548652069 0.1861826
1548652069 0.56923217
1548652069 -0.22415261
1548652069 0.4110202
1548652069 0.9121775
1548652069 -0.22686495
1548652069 1.2534356
1548652070 1.2956605
1548652070 1.4520152
1548652070 -0.2030195
1548652070 1.9610186
1548652070 -0.19428177
1548652070 2.2892122
1548652070 2.3205957
1548652070 2.7661924
1548652070 2.8946989
1548652070 -0.2066903
1548652071 -0.20100293
1548652071 -0.19559124
1548652071 -0.18914674
1548652071 -0.18307775
1548652071 -0.17676626
1548652071 -0.16627036
1548652071 -0.15776712
1548652071 1.8400934
1548652071 -0.15631406
1548652071 -0.15012111
1548652072 -0.14589402
1548652072 -0.14145122
1548652072 0.7458366
1548652072 -0.13660477
1548652072 -0.13321391
1548652072 -0.1306513
1548652072 -0.13219276
1548652072 -0.13536018
1548652072 -0.13809799
1548652072 -0.14010993
1548652073 -0.14193836
1548652073 -0.14358349
1548652073 -0.15369727
1548652073 -0.16353334
1548652073 -0.17274886
