1548651783 -2.2164445
1548651783 -2.8048878
1548651783 -2.0582335
1548651783 -3.3720791
1548651783 -3.8448846
1548651783 -2.7090456
1548651783 -4.242584
1548651783 -4.7482877
1548651783 -2.5378802
1548651783 -3.2261336
1548651783 -4.705605
1548651783 -2.2116113
1548651783 -5.0924835
1548651784 -3.181142
1548651784 -3.162956
1548651784 -4.747574
1548651784 -5.8411264
1548651784 -6.226488
1548651784 -4.73792
1548651784 0.2845529
1548651784 -3.3403552
1548651784 -5.7834587
1548651784 -1.9297289
1548651784 -4.2789297
1548651784 -4.9435563
1548651784 -3.846923
1548651784 -6.4038033
1548651784 -4.3261576
1548651784 -2.5518227
1548651784 -5.3632493
1548651785 0.2723757
1548651785 -3.6329036
1548651785 -6.8363304
1548651785 -3.4996128
1548651785 -1.7345493
1548651785 -1.7711273
1548651785 -6.363286
1548651785 -3.2059526
1548651785 -3.5027163
1548651785 -4.755377
1548651785 -3.0340052
1548651785 -4.9951167
1548651785 -5.3283873
1548651785 0.2712528
1548651785 -6.850967
1548651785 -7.2361207
1548651785 -3.03717
1548651786 -3.262145
1548651786 -6.413016
1548651786 -3.9842732
1548651786 -5.688934
1548651786 -5.8844967
1548651786 -4.835203
1548651786 -5.0310683
1548651786 -4.8059564
1548651786 -8.219394
1548651786 -4.951482
1548651786 -6.7190275
1548651786 -8.509409
1548651786 -6.5575047
1548651786 -4.921024
1548651786 -6.0763083
1548651786 -6.7395883
1548651786 -4.887486
1548651787 -6.9725976
1548651787 -5.5572376
1548651787 -7.4885097
1548651787 -6.7534323
1548651787 -3.727507
1548651787 -4.30791
1548651787 -4.28046
1548651787 -6.882741
1548651787 -7.5081964
1548651787 -4.803514
1548651787 -4.5139923
1548651787 -8.777318
1548651787 -9.179784
1548651787 -6.066557
1548651787 -9.038924
1548651787 -8.256259
1548651787 -9.256819
1548651788 -6.6948133
1548651788 -9.053043
1548651788 -4.8923492
1548651788 -4.6844482
1548651788 -7.3722878
1548651788 -6.8058147
1548651788 -5.0736437
1548651788 -8.514603
1548651788 -8.846661
1548651788 -6.2236414
1548651788 0.33605203
1548651788 -7.094939
1548651788 -5.998291
1548651788 0.3580088
1548651788 -6.5382233
1548651788 0.37800965
1548651788 -8.292459
1548651789 -6.132023
1548651789 0.38985136
1548651789 -7.118104
1548651789 -6.503912
1548651789 -7.2649536
1548651789 -4.4007688
1548651789 -4.3473086
1548651789 0.41420597
1548651789 -5.358036
1548651789 -4.570492
1548651789 -7.44194
1548651789 -7.9936967
1548651789 0.43777552
1548651789 -5.16912
1548651789 -8.661304
1548651789 -7.1280003
1548651790 -9.224644
1548651790 -6.618623
1548651790 -4.4674745
1548651790 -5.08366
1548651790 -6.934077
1548651790 -1346.2988
1548651790 -2.5512455
1548651790 -3.541126
1548651790 -4.336057
1548651790 -3.609805
1548651790 -1.1725628
1548651790 -4.480164
1548651790 -4.476615
1548651790 -3.8279746
1548651790 -0.8062049
1548651790 -1.9101816
1548651791 -2.5713563
1548651791 -2.6108384
1548651791 -3.5045652
1548651791 -5.3228173
1548651791 -4.0087676
1548651791 -3.1602576
1548651791 -5.167484
1548651791 -3.8031805
1548651791 -4.8147187
1548651791 -5.362058
1548651791 -7.10093
1548651791 -4.8925776
1548651791 -1.7147781
1548651791 -5.2516594
1548651791 0.20233853
1548651792 -5.661098
1548651792 -5.1016116
1548651792 -3.9065268
1548651792 -3.6722744
1548651792 -5.4215293
1548651792 -5.0540752
1548651792 -5.311036
1548651792 -5.253416
1548651792 -5.80338
1548651792 -5.7120085
1548651792 -8.224457
1548651792 -7.185379
1548651792 -6.3464727
1548651792 -6.7995496
1548651792 -6.6729755
1548651792 -4.177733
1548651793 -6.3580723
1548651793 -3.4144459
1548651793 -6.517527
1548651793 -6.714466
1548651793 -6.868582
1548651793 -6.8321276
1548651793 -9.60162
1548651793 0.016206417
1548651793 -5.7446895
1548651793 -8.579696
1548651793 -5.3322997
1548651793 -9.557387
1548651793 -5.1580796
1548651793 -8.741558
1548651793 -7.7668953
1548651793 -10.073291
1548651794 -6.704374
1548651794 -6.7438073
1548651794 -10.0839405
1548651794 -0.031725977
1548651794 -5.63557
1548651794 -4.9075713
1548651794 -8.510682
1548651794 -9.274436
1548651794 -7.837021
1548651794 -8.011764
1548651794 -8.866573
1548651794 -7.3521996
1548651794 -6.7061357
1548651794 -6.4874525
1548651794 -9.638035
1548651794 -7.615583
1548651795 -11.126889
1548651795 -9.958867
1548651795 -7.6167483
1548651795 -6.241304
1548651795 -10.062246
1548651795 -11.340504
1548651795 -8.260149
1548651795 -7.4053946
1548651795 -7.55004
1548651795 -9.440522
1548651795 -1124.798
1548651795 1.3262651
1548651795 0.58910817
1548651795 0.2799138
1548651795 2.4464335
1548651795 1.7337527
1548651796 0.8199889
1548651796 1.8037025
1548651796 3.3595219
1548651796 -0.28426114
1548651796 -0.52321106
1548651796 0.8539493
1548651796 0.5761044
1548651796 -1.9980118
1548651796 0.13482238
1548651796 -0.66405606
1548651796 -3.1911724
1548651796 -1.3844075
1548651796 -0.9167369
1548651796 -1.3186877
1548651796 -3.6988146
1548651796 -0.58021295
1548651797 -2.5627952
1548651797 -1.8900744
1548651797 0.45746002
1548651797 -3.581321
1548651797 -0.44413382
1548651797 -2.1316087
1548651797 -3.5973227
1548651797 -1.4966619
1548651797 -3.0437608
1548651797 -1.2302402
1548651797 -3.4756715
1548651797 -4.722594
1548651797 0.37721327
1548651797 -2.9748852
1548651797 -4.107811
1548651797 -4.2904735
1548651798 -3.8907235
1548651798 -4.9798703
1548651798 -1.1225357
1548651798 -4.090497
1548651798 -2.6960113
1548651798 -5.1918907
1548651798 -2.038967
1548651798 -1.5788459
1548651798 -1.5632787
1548651798 -3.6138804
1548651798 -2.4180148
1548651798 -3.753092
1548651798 -3.3626492
1548651798 -4.0257273
1548651798 -2.9189503
1548651798 0.24939819
1548651799 -3.7242548
1548651799 0.26289573
1548651799 0.28440002
1548651799 -3.6169095
1548651799 -3.9091423
1548651799 -2.2288246
1548651799 -4.092049
1548651799 -3.6190505
1548651799 -2.1312177
1548651799 -3.3222082
1548651799 -3.9033608
1548651799 -1.9314609
1548651799 0.27138057
1548651799 -6.6124687
1548651799 -3.7988553
1548651799 -3.4803042
1548651800 -2.6738267
1548651800 -5.145035
1548651800 -5.618245
1548651800 -4.67986
1548651800 -5.3714933
1548651800 -6.5476108
1548651800 -4.43207
1548651800 -3.150377
1548651800 -6.705553
1548651800 -6.4736557
1548651800 -7.376226
1548651800 0.1869162
1548651800 -4.656706
1548651800 -5.799138
1548651800 -7.5830235
1548651801 -7.5625525
1548651801 -8.387123
1548651801 -7.3119917
1548651801 -5.796466
1548651801 -6.331636
1548651801 -5.6724925
1548651801 -8.604289
1548651801 0.1310942
1548651801 -5.022451
1548651801 -7.206501
1548651801 0.14583695
1548651801 -3.4557939
1548651801 -6.9154205
1548651801 -5.9769297
1548651801 -7.4379597
1548651801 -5.795288
1548651802 -8.034216
1548651802 -7.3592014
1548651802 -8.492993
1548651802 -8.600268
1548651802 -8.682882
1548651802 -5.6923103
1548651802 -8.6639
1548651802 -6.079586
1548651802 -6.8838525
1548651802 -6.835752
1548651802 -6.553652
1548651802 -7.6962543
1548651802 -6.5435166
1548651802 -6.251326
1548651802 0.10758047
1548651802 -8.728814
1548651803 -5.931267
1548651803 -10.493817
1548651803 -7.3483515
1548651803 -5.9557767
1548651803 -6.3197966
1548651803 -5.345763
1548651803 -9.68418
1548651803 -5.90338
1548651803 -6.7172823
1548651803 0.14879459
1548651803 -6.8437767
1548651803 -10.570227
1548651803 -10.623094
1548651803 -6.4342537
1548651803 -8.751425
1548651804 -10.573151
1548651804 0.15698557
1548651804 -10.671329
1548651804 -6.64255
1548651804 -8.006533
1548651804 -11.813333
1548651804 -8.096866
1548651804 0.13602774
1548651804 -7.2095237
1548651804 -8.558932
1548651804 -9.647765
1548651804 -9.908919
1548651804 -13.281766
1548651804 -13.026107
1548651804 -12.860967
1548651804 -7.7580624
1548651805 -11.352846
1548651805 0.08975269
1548651805 -13.112053
1548651805 -13.863547
1548651805 -1465.8477
1548651805 -5.3099337
1548651805 -2.707406
1548651805 -4.835771
1548651805 -4.925274
1548651805 -4.8264184
1548651805 -5.6802473
1548651805 -4.733651
1548651805 -5.3522625
1548651805 -4.2696342
1548651805 0.046403095
1548651806 -3.3724592
1548651806 -4.448315
1548651806 -3.0710025
1548651806 -3.7908099
1548651806 -6.0869255
1548651806 -6.181265
1548651806 -2.7844958
1548651806 -2.3097885
1548651806 -5.085111
1548651806 -7.0495896
1548651806 -5.0815907
1548651806 -6.4703436
1548651806 -6.2416987
1548651806 -3.8514495
1548651806 -6.358049
1548651807 -5.3775387
1548651807 -3.5857275
1548651807 -5.676615
1548651807 -5.805479
1548651807 -5.937186
1548651807 -7.1869993
1548651807 -4.454261
1548651807 -4.1537704
1548651807 0.023408806
1548651807 -4.4878616
1548651807 -5.900651
1548651807 -4.3724027
1548651807 0.048362236
1548651807 -5.110559
1548651807 -5.7354584
1548651808 -6.393641
1548651808 -7.8813305
1548651808 -6.1613927
1548651808 -6.595471
1548651808 -6.8429227
1548651808 -4.833984
1548651808 -7.015903
1548651808 -6.5975995
1548651808 -7.198822
1548651808 -6.557159
1548651808 -8.424945
1548651808 -5.761248
1548651808 -5.38309
1548651808 -5.2960973
1548651808 -8.029919
1548651809 -5.4619417
1548651809 -6.41114
1548651809 -7.522643
1548651809 -5.5327353
1548651809 -7.0616736
1548651809 -4.847396
1548651809 -4.512563
1548651809 -6.8560343
1548651809 0.108884715
1548651809 -6.0984554
1548651809 -7.4980893
1548651809 -5.4401827
1548651809 -7.364169
1548651809 -6.1941996
1548651809 -7.279449
1548651810 -5.443155
1548651810 -6.1357703
1548651810 -5.3416743
1548651810 -6.2279706
1548651810 -7.575579
1548651810 -8.90911
1548651810 -6.361717
1548651810 -6.5815244
1548651810 -8.449672
1548651810 -9.219296
1548651810 -7.848291
1548651810 -5.2037196
1548651810 -9.322955
1548651810 -5.2470407
1548651810 -5.9336476
1548651810 -1103.6241
1548651811 -1.6374991
1548651811 -0.3064316
1548651811 0.062653795
1548651811 0.43744645
1548651811 0.4584148
1548651811 0.49069324
1548651811 -2.4297132
1548651811 0.37266818
1548651811 -0.9950384
1548651811 -2.4310937
1548651811 -2.5633574
1548651811 -3.219586
1548651811 -2.2220528
1548651811 -1.1670625
1548651812 -3.8963466
1548651812 0.35425386
1548651812 -1.8317393
1548651812 0.38786384
1548651812 -3.649518
1548651812 -2.2293243
1548651812 0.4177625
1548651812 0.44254905
1548651812 -3.2464178
1548651812 0.47045437
1548651812 -4.4710274
1548651812 0.4935497
1548651812 -2.2891147
1548651812 -2.6628485
1548651812 -4.5643716
1548651812 -4.605095
1548651813 -2.921961
1548651813 -5.3809023
1548651813 -2.471062
1548651813 -1.987709
1548651813 -5.553698
1548651813 0.48489937
1548651813 -4.922036
1548651813 0.5125942
1548651813 -3.7116842
1548651813 -4.28861
1548651813 -5.4396667
1548651813 -4.8801703
1548651813 -6.5115886
1548651813 -4.561346
1548651814 -6.5949693
1548651814 -5.1779056
1548651814 0.5155092
1548651814 -3.0458272
1548651814 0.5337691
1548651814 -3.5274408
1548651814 -2.1958978
1548651814 -6.156016
1548651814 -3.6376595
1548651814 -3.8060226
1548651814 -5.5461464
1548651814 -4.600045
1548651814 -5.7927012
1548651814 -4.870622
1548651814 -6.19359
1548651815 -4.3686633
1548651815 -4.0218053
1548651815 -2.9805555
1548651815 -7.408933
1548651815 -4.9777265
1548651815 -3.07558
1548651815 -5.0505085
1548651815 -6.604077
1548651815 -6.924224
1548651815 -8.926212
1548651815 -4.923822
1548651815 0.54875714
1548651815 -5.124288
1548651815 -6.087603
1548651816 -6.5346847
1548651816 -7.992312
1548651816 -7.9094257
1548651816 -7.8920774
1548651816 -5.366016
1548651816 -6.4304156
1548651816 -3.5698612
1548651816 -5.835978
1548651816 -6.4806957
1548651816 -798.11816
1548651816 -4.4140267
1548651816 -2.1888692
1548651816 -0.9657202
1548651816 -2.173208
1548651817 -4.110666
1548651817 -3.7213604
1548651817 -2.292064
1548651817 -1.3306983
1548651817 -4.792124
1548651817 -1.4563217
1548651817 -1.1898524
1548651817 -4.7897706
1548651817 -4.587861
1548651817 -2.7331712
1548651817 -3.271616
1548651817 -5.329507
1548651817 -1.6729417
1548651817 -2.489086
1548651818 -5.6973658
1548651818 -4.0410566
1548651818 -4.3973765
1548651818 -2.8329234
1548651818 -3.2442234
1548651818 -3.2340999
1548651818 -3.7669146
1548651818 -3.9272895
1548651818 -2.836554
1548651818 -2.7168489
1548651818 -2.9631228
1548651818 -5.5991483
1548651818 -6.690086
1548651818 -3.4736464
1548651819 -4.2160797
1548651819 -6.145035
1548651819 -6.3388753
1548651819 -0.06316413
1548651819 -3.2886379
1548651819 -5.2299433
1548651819 -2.498523
1548651819 -3.4902332
1548651819 -0.045839418
1548651819 -0.028592058
1548651819 -3.0785363
1548651819 -6.1386743
1548651819 -6.2006626
1548651819 -3.739658
1548651819 -7.2215495
1548651820 -5.8877826
1548651820 -6.919632
1548651820 -7.0076156
1548651820 -3.060307
1548651820 -7.661178
1548651820 -0.08457641
1548651820 -7.478928
1548651820 -4.9986825
1548651820 -3.4428482
1548651820 -6.548683
1548651820 -4.108697
1548651820 -5.923641
1548651820 -4.670471
1548651820 -5.7418647
1548651821 -0.08932337
1548651821 -8.244686
1548651821 -7.7848277
1548651821 -3.9138887
1548651821 -6.6854796
1548651821 -7.4811473
1548651821 -6.9383564
1548651821 -5.104782
1548651821 -0.11986082
1548651821 -0.09920135
1548651821 -5.7867208
1548651821 -4.6881413
1548651821 -6.4334717
1548651822 -4.115584
1548651822 -8.249782
1548651822 -0.0948739
1548651822 -8.097261
1548651822 -3.641407
1548651822 -6.3408422
1548651822 -6.338877
1548651822 -6.5830956
1548651822 -0.09797306
1548651822 -6.358101
1548651822 -7.055227
1548651822 -4.5740557
1548651822 -4.902317
1548651822 -7.1638603
1548651823 -8.252807
1548651823 -6.4236345
1548651823 -0.08299387
1548651823 -6.8235216
1548651823 -0.06419073
1548651823 -4.9182367
1548651823 -8.347549
1548651823 -6.3545885
1548651823 -4.755879
1548651823 -6.6413774
1548651823 -5.599959
1548651823 -4.7170815
1548651823 -5.324884
1548651823 -5.757203
1548651823 -8.885906
1548651824 -7.2125316
1548651824 -9.467856
1548651824 -5.907874
1548651824 -9.303205
1548651824 -7.9050746
1548651824 -8.606897
1548651824 -8.114887
1548651824 -6.468213
1548651824 -9.62701
1548651824 -6.0953884
1548651824 -10.28699
1548651824 -9.542205
1548651824 -8.125261
1548651824 -9.454995
1548651825 -8.691524
1548651825 -0.061304376
1548651825 -10.158952
1548651825 -6.0496416
1548651825 -7.54048
1548651825 -8.351117
1548651825 -9.01736
1548651825 -8.395941
1548651825 -7.0286283
1548651825 -7.2219687
1548651825 -6.8508244
1548651825 -9.411288
1548651825 -9.367733
1548651825 -7.7680492
1548651826 -8.7686205
1548651826 -9.497395
1548651826 -8.9548435
1548651826 -8.773237
1548651826 -8.68176
1548651826 -0.050777856
1548651826 -5.512118
1548651826 -6.006114
1548651826 -7.511384
1548651826 -1537.8088
1548651826 2.4174163
1548651826 2.2519128
1548651826 2.1034405
1548651827 0.9505565
1548651827 0.18653624
1548651827 0.57263213
1548651827 -0.15595834
1548651827 -0.30035344
1548651827 -1.4093211
1548651827 -1.6728618
1548651827 1.4222333
1548651827 -1.6092614
1548651827 -1.7101548
1548651827 -1.1677436
1548651827 0.3395013
1548651827 -0.026560862
1548651827 -0.44582143
1548651828 -1.9242287
1548651828 -1.1580007
1548651828 -1.0651802
1548651828 -2.448225
1548651828 -0.85181934
1548651828 -1.827949
1548651828 -1.3894845
1548651828 -1.5902898
1548651828 -2.575091
1548651828 -0.5662387
1548651828 -3.4515495
1548651828 -1.4092935
1548651828 0.048698563
1548651828 -0.5663254
1548651829 -3.055091
1548651829 -3.6337342
1548651829 -2.5978992
1548651829 -3.215663
1548651829 -3.322471
1548651829 -5.5928006
1548651829 0.1310335
1548651829 -3.5333583
1548651829 -3.8336384
1548651829 -2.2518804
1548651829 -4.2583556
1548651829 -2.6838088
1548651829 -2.7150502
1548651829 -4.869021
1548651830 -5.1214566
1548651830 -4.48224
1548651830 -3.2141922
1548651830 -2.609049
1548651830 -8.449765
1548651830 -0.013031936
1548651830 -5.5341296
1548651830 -7.7686434
1548651830 -6.089606
1548651830 -4.8250012
1548651830 -5.540385
1548651830 -7.8829174
1548651830 -5.9367423
1548651831 -7.7108984
1548651831 -9.077781
1548651831 -0.14669758
1548651831 -0.13329907
1548651831 -3.5468986
1548651831 -0.13558109
1548651831 -4.3374653
1548651831 -9.922713
1548651831 -0.15599115
1548651831 -5.9627776
1548651831 -4.9721518
1548651831 -0.1485075
1548651831 -5.205551
1548651832 -0.14209127
1548651832 -7.5352626
1548651832 -0.16402213
1548651832 -0.15143356
1548651832 -0.13811024
1548651832 -0.12494039
1548651832 -4.019938
1548651832 -7.98263
1548651832 -0.13785174
1548651832 -7.066623
1548651832 -0.14980668
1548651832 -0.13492
1548651832 -0.11883228
1548651832 -1.6650988
1548651833 -5.6221113
1548651833 -0.13547316
1548651833 -0.12034678
1548651833 -5.7056355
1548651833 -0.12835488
1548651833 -0.11679529
1548651833 -0.10644727
1548651833 -2.5885906
1548651833 -0.10105719
1548651833 -6.3008933
1548651833 -0.116332226
1548651833 -0.113192625
1548651833 -0.10976154
1548651833 -0.10124684
1548651834 1.104225
1548651834 1.4823554
1548651834 1.4504699
1548651834 1.021203
1548651834 0.7412228
1548651834 -1.4291126
1548651834 -0.46950033
1548651834 -0.1814451
1548651834 0.15768744
1548651834 0.5289129
1548651834 0.7705653
1548651834 0.3220601
1548651834 -0.59362185
1548651835 0.17129248
1548651835 -0.5647939
1548651835 -1.2685975
1548651835 -2.5266364
1548651835 -0.42192316
1548651835 0.4721748
1548651835 -1.4890373
1548651835 -2.076908
1548651835 -1.954152
1548651835 -1.2932221
1548651835 0.4583765
1548651835 -3.5668418
1548651835 -4.228455
1548651835 -2.0601342
1548651836 -1.7564757
1548651836 -3.3743572
1548651836 -2.1445808
1548651836 -4.3382583
1548651836 -3.1272256
1548651836 -4.3093443
1548651836 -2.3349712
1548651836 -3.251793
1548651836 -6.1602893
1548651836 -4.5607653
1548651836 -4.08076
1548651836 -2.9483066
1548651836 -2.457321
1548651836 -6.5912642
1548651837 0.3882209
1548651837 -2.7924924
1548651837 -4.9386425
1548651837 -4.569914
1548651837 -7.3964972
1548651837 -5.7603016
1548651837 -5.111445
1548651837 0.4333891
1548651837 -5.794066
1548651837 -6.1889997
1548651837 -7.3962
1548651837 -6.8355026
1548651837 -8.564287
1548651837 -6.351184
1548651838 -8.63785
1548651838 -9.651158
1548651838 -8.637045
1548651838 -7.1037474
1548651838 -8.740241
1548651838 -6.9285088
1548651838 -9.351046
1548651838 -10.813484
1548651838 -8.296063
1548651838 -9.525669
1548651838 -9.092468
1548651838 -4.639171
1548651838 -6.090524
1548651838 -7.572656
1548651839 -6.6544585
1548651839 -6.454093
1548651839 -10.335488
1548651839 0.5562109
1548651839 -11.04547
1548651839 -10.42637
1548651839 -8.674455
1548651839 -8.975759
1548651839 -6.66146
1548651839 -878.3013
1548651839 -2.5158453
1548651839 -3.4079843
1548651839 -1.5089002
1548651840 -1.305846
1548651840 -2.214371
1548651840 -5.0189514
1548651840 -5.175254
1548651840 -1.9522498
1548651840 -2.2704804
1548651840 -5.251523
1548651840 -3.816026
1548651840 -4.1594524
1548651840 -3.808676
1548651840 -5.833972
1548651840 -6.311298
1548651840 -4.531099
1548651840 -6.2400866
1548651841 -5.9370747
1548651841 -0.10187079
1548651841 -4.134688
1548651841 -3.5091336
1548651841 -4.8861356
1548651841 -3.0085728
1548651841 -5.408307
1548651841 -3.177448
1548651841 -3.1074548
1548651841 -3.1469526
1548651841 -6.961506
1548651841 -7.472849
1548651841 -7.211226
1548651841 -3.4722893
1548651842 -4.742085
1548651842 -7.6496806
1548651842 -6.9867
1548651842 -5.110259
1548651842 -5.6254663
1548651842 -7.8535004
1548651842 -8.609878
1548651842 -6.182044
1548651842 -5.751443
1548651842 -5.206503
1548651842 -8.060469
1548651842 -8.259328
1548651842 -0.22673583
1548651843 -9.269193
1548651843 -0.22524136
1548651843 -7.1298656
1548651843 -6.073504
1548651843 -8.988355
1548651843 -0.22229433
1548651843 -4.314237
1548651843 -3.9459908
1548651843 -7.073839
1548651843 -0.19049895
1548651843 -4.1041794
1548651843 -7.354039
1548651843 -6.034747
1548651844 -6.1134577
1548651844 -4.6038237
1548651844 -8.816291
1548651844 -9.083141
1548651844 -6.6989737
1548651844 -4.745047
1548651844 -5.805045
1548651844 -8.28472
1548651844 -5.836064
1548651844 -9.192158
1548651844 -8.040514
1548651844 -8.723746
1548651844 -0.23579514
1548651844 -5.9028535
1548651845 -8.936778
1548651845 -7.0054226
1548651845 -7.0957675
1548651845 -8.998361
1548651845 -0.25175434
1548651845 -5.7191515
1548651845 -0.22641097
1548651845 -5.116037
1548651845 -5.689022
1548651845 -6.8214912
1548651845 -5.168682
1548651845 -8.690284
1548651845 -7.9958634
1548651845 -9.791452
1548651846 -7.931253
1548651846 -7.5979557
1548651846 -6.1220503
1548651846 -8.57578
1548651846 -9.059821
1548651846 -0.27338618
1548651846 -7.0677032
1548651846 -6.1920795
1548651846 -8.959775
1548651846 -7.63548
1548651846 -7.232721
1548651846 -8.550098
1548651846 -7.0174627
1548651847 -9.788027
1548651847 -7.1445847
1548651847 -8.475572
1548651847 -9.326677
1548651847 -6.292991
1548651847 -8.766266
1548651847 -6.4740024
1548651847 -9.313263
1548651847 -9.520941
1548651847 -5.6976485
1548651847 -0.2907932
1548651847 -7.6526036
1548651847 -1336.0396
1548651848 -4.3726034
1548651848 -3.403888
1548651848 -3.1045341
1548651848 -0.5671614
1548651848 0.07392444
1548651848 -1.8358667
1548651848 -3.1051834
1548651848 -2.294519
1548651848 -1.2552276
1548651848 -2.8916807
1548651848 -5.1360674
1548651848 -3.1415448
1548651848 -3.6442525
1548651849 0.010965377
1548651849 -5.720709
1548651849 0.008722045
1548651849 -2.2205036
1548651849 -3.3845146
1548651849 -0.8963006
1548651849 -2.0626812
1548651849 -2.321715
1548651849 -1.9927874
1548651849 -5.087529
1548651849 0.0040130173
1548651849 0.027663559
1548651849 -2.109341
1548651849 -1.1836454
1548651850 -1.2750764
1548651850 -1.4766667
1548651850 -2.4646058
1548651850 -4.8584657
1548651850 0.0342837
1548651850 -3.7369437
1548651850 0.04472843
1548651850 0.06847057
1548651850 -1.9372545
1548651850 -2.078205
1548651850 -4.008944
1548651850 0.06653886
1548651851 -3.892105
1548651851 0.07558357
1548651851 -2.8422983
1548651851 -3.9721253
1548651851 0.07270266
1548651851 -2.209528
1548651851 -5.0842814
1548651851 -2.8327336
1548651851 0.07066244
1548651851 -4.7240877
1548651851 0.07419567
1548651851 -5.2006497
1548651851 0.07669141
1548651852 0.1008364
1548651852 -4.6447744
1548651852 -1.5490665
1548651852 -2.9715676
1548651852 -3.0015612
1548651852 0.0878679
1548651852 0.11193341
1548651852 -4.0523725
1548651852 -4.177384
1548651852 -2.8488204
1548651852 0.0845528
1548651852 -4.0206575
1548651852 -5.4159966
1548651853 0.07902846
1548651853 -5.0778418
1548651853 0.08454748
1548651853 -2.159085
1548651853 -4.7777696
1548651853 0.094221264
1548651853 -2.3774846
1548651853 -2.088924
1548651853 -3.063517
1548651853 -2.716364
1548651853 0.11526262
1548651853 -6.2510715
1548651854 0.11338884
1548651854 -5.175032
1548651854 0.12029174
1548651854 -6.0882225
1548651854 -4.140339
1548651854 -4.105304
1548651854 0.10421562
1548651854 -3.6308017
1548651854 -5.963494
1548651854 0.09794565
1548651854 -3.193318
1548651854 -4.7837415
1548651854 0.1109618
1548651854 -5.247036
1548651855 -2.8151453
1548651855 -2.0847507
1548651855 -2.706471
1548651855 -4.32115
1548651855 0.11417557
1548651855 -2.3046105
1548651855 -3.406268
1548651855 -6.8291035
1548651855 -2.5330954
1548651855 0.12569499
1548651855 -5.0989037
1548651855 -5.686155
1548651855 -3.4565158
1548651856 -7.0515804
1548651856 -2.9541845
1548651856 -2.636471
1548651856 -6.655277
1548651856 0.088772096
1548651856 -5.3657775
1548651856 -2.6867936
1548651856 -7.560482
1548651856 0.08845744
1548651856 -6.011129
1548651856 -4.5276084
1548651856 -7.5997734
1548651856 0.07849654
1548651857 -7.7327733
1548651857 -4.380355
1548651857 -7.3311033
1548651857 -4.716541
1548651857 -6.643991
1548651857 0.056325875
1548651857 0.086163454
1548651857 -6.4326425
1548651857 -6.5845947
1548651857 -4.7302465
1548651857 -5.181976
1548651857 -4.932605
1548651857 -5.0754733
1548651858 -7.542466
1548651858 -8.542532
1548651858 -5.6039944
1548651858 -4.909198
1548651858 -7.616314
1548651858 -7.16648
1548651858 -8.548428
1548651858 -7.5519342
1548651858 -7.104004
1548651858 -4.6764574
1548651858 -4.435293
1548651858 -5.9370904
1548651858 -7.805196
1548651859 -7.964987
1548651859 -7.331232
1548651859 -8.819575
1548651859 -8.677089
1548651859 -6.5790744
1548651859 -8.458864
1548651859 -7.354169
1548651859 -5.984775
1548651859 -10.038847
1548651859 -9.322214
1548651859 -7.971532
1548651859 -10.770508
1548651859 -10.831397
1548651860 -6.8564844
1548651860 -10.830918
1548651860 -10.005302
1548651860 -7.9839444
1548651860 -7.141587
1548651860 -6.8703933
1548651860 -8.022357
1548651860 -7.243863
1548651860 -9.210726
1548651860 -7.186553
1548651860 0.04239572
1548651860 -9.602247
1548651860 -11.208836
1548651860 -10.875045
1548651861 -10.872575
1548651861 0.0686666
1548651861 -7.26808
1548651861 -7.227322
1548651861 -10.734437
1548651861 -11.87631
1548651861 -10.500626
1548651861 -10.613516
1548651861 -7.217203
1548651861 -11.601383
1548651861 -8.654456
1548651861 -1367.6967
1548651862 -0.44844812
1548651862 0.4715326
1548651862 -0.0031416232
1548651862 0.32527196
1548651862 -0.99335986
1548651862 -0.40543684
1548651862 0.33385372
1548651862 -0.59056973
1548651862 0.33128917
1548651862 0.3464557
1548651862 0.024191929
1548651862 0.4220543
1548651862 -1.8431462
1548651862 0.39459977
1548651863 -2.0384753
1548651863 -3.9250505
1548651863 0.27731034
1548651863 -1.9211682
1548651863 -3.4278204
1548651863 -2.9750571
1548651863 -4.4843984
1548651863 -3.7147238
1548651863 -5.3329444
1548651863 -4.4957347
1548651863 -1.786357
1548651863 -2.8192444
1548651863 -2.3459058
1548651864 -2.708213
1548651864 0.13796934
1548651864 -4.364848
1548651864 0.13818258
1548651864 -6.033032
1548651864 -4.7908106
1548651864 -4.0116735
1548651864 0.09222614
1548651864 0.115324095
1548651864 0.1381257
1548651864 0.16061056
1548651864 -6.519817
1548651864 0.14923705
1548651865 -2.3994796
1548651865 -2.2476943
1548651865 -1.9383739
1548651865 -3.753656
1548651865 -1.4174498
1548651865 0.16380334
1548651865 -5.5443177
1548651865 0.15691023
1548651865 -7.301053
1548651865 0.14693986
1548651865 0.17146534
1548651865 -3.0076432
1548651865 -2.7022865
1548651866 -1.6155505
1548651866 0.19781567
1548651866 -6.944724
1548651866 -2.3741968
1548651866 -3.3095706
1548651866 -5.9272776
1548651866 -2.9097495
1548651866 -2.3291945
1548651866 -2.6949625
1548651866 -2.0228121
1548651866 -3.5623806
1548651866 -4.4904985
1548651866 -7.0491405
1548651866 0.13477962
1548651867 -1.4911993
1548651867 -4.1668115
1548651867 -4.231154
1548651867 -5.0081034
1548651867 0.13208568
1548651867 -6.4852653
1548651867 0.12922406
1548651867 -6.569176
1548651867 -4.3899345
1548651867 -7.27085
1548651867 -3.7001605
1548651867 -4.3082256
1548651867 -7.1931057
1548651868 -8.077577
1548651868 0.09526373
1548651868 -4.8712573
1548651868 -4.8491025
1548651868 -6.5777254
1548651868 -6.2657843
1548651868 -5.026025
1548651868 -7.287008
1548651868 -8.105605
1548651868 -8.252829
1548651868 -7.1659207
1548651868 -6.0384603
1548651868 -4.615058
1548651869 -8.220803
1548651869 -8.802221
1548651869 -4.5962844
1548651869 -8.377789
1548651869 -8.697387
1548651869 -7.9355426
1548651869 -8.516044
1548651869 0.080951676
1548651869 -3.992509
1548651869 -8.3420925
1548651869 -9.614808
1548651869 -5.5434675
1548651869 -7.0325384
1548651870 -7.1529307
1548651870 -8.729396
1548651870 -6.09833
1548651870 -4.973211
1548651870 -10.000428
1548651870 -5.2354665
1548651870 -7.1120806
1548651870 0.22301142
1548651870 -6.75662
1548651870 -8.339267
1548651870 -8.376198
1548651870 -6.750655
1548651870 -10.293526
1548651871 -5.8736777
1548651871 -7.2286434
1548651871 -10.527874
1548651871 -7.2797155
1548651871 0.38196623
1548651871 -1036.9042
1548651871 -0.116230905
1548651871 -0.08848841
1548651871 -0.05502991
1548651871 -0.021543207
1548651871 -4.4991717
1548651871 -0.017253904
1548651872 -3.1927154
1548651872 -4.273986
1548651872 -0.020146377
1548651872 -2.2668383
1548651872 -2.7230196
1548651872 -1.216249
1548651872 -0.005409925
1548651872 -3.5562096
1548651872 -5.0129075
1548651872 -0.007145677
1548651872 -3.5028875
1548651872 -3.2611392
1548651872 -3.1787565
1548651872 -0.0077783605
1548651873 -4.488861
1548651873 -4.046916
1548651873 -3.1537395
1548651873 -0.021848654
1548651873 -3.6009161
1548651873 -3.966644
1548651873 -3.085214
1548651873 -3.511684
1548651873 -0.026089512
1548651873 -4.275344
1548651873 -5.0874815
1548651873 -0.028602712
1548651873 -2.4583988
1548651874 -4.413397
1548651874 -4.582829
1548651874 -0.047543615
1548651874 -2.123319
1548651874 -1.7275848
1548651874 -0.018985238
1548651874 0.014359193
1548651874 -5.1000547
1548651874 -3.7495825
1548651874 -4.4002714
1548651874 -0.01822453
1548651874 -5.33624
1548651874 -5.8323812
1548651875 0.0087174345
1548651875 -5.197739
1548651875 0.040195517
1548651875 -2.2531197
1548651875 -4.158349
1548651875 -4.2467422
1548651875 -5.612973
1548651875 -5.8761325
1548651875 -7.1516213
1548651875 -5.4338512
1548651875 -6.8754516
1548651875 -5.2144375
1548651875 -3.2411182
1548651876 -5.634778
1548651876 -4.1049757
1548651876 -5.7141657
1548651876 -6.4021378
1548651876 -4.6216364
1548651876 -0.017644776
1548651876 -4.902241
1548651876 -6.030549
1548651876 -7.2281804
1548651876 -7.4866996
1548651876 -6.8985906
1548651876 -7.5687685
1548651876 -7.707406
1548651877 -6.5248528
1548651877 -8.423368
1548651877 -7.6923327
1548651877 -4.9879317
1548651877 -6.060344
1548651877 -8.545793
1548651877 -0.007933553
1548651877 -5.15535
1548651877 0.020837804
1548651877 -761.40515
1548651877 -1.0007107
1548651877 1.562708
1548651878 1.1357702
1548651878 0.89525795
1548651878 0.7632088
1548651878 0.40402845
1548651878 -0.95110774
1548651878 0.7187174
1548651878 0.2639445
1548651878 -1.2862469
1548651878 -1.8949137
1548651878 -2.4031866
1548651878 0.21175943
1548651878 -0.12509641
1548651878 -1.1240189
1548651879 -1.8857816
1548651879 -1.9752632
1548651879 -2.0028203
1548651879 -1.8971616
1548651879 -3.1693609
1548651879 -0.88440335
1548651879 -1.5694963
1548651879 -4.4316564
1548651879 -0.63126653
1548651879 -2.0342212
1548651879 -2.793933
1548651879 0.055899054
1548651879 -5.522057
1548651880 0.06347923
1548651880 -3.388849
1548651880 -4.05731
1548651880 -2.342997
1548651880 -2.7287917
1548651880 0.050498575
1548651880 -3.2376935
1548651880 0.052236795
1548651880 -5.666158
1548651880 0.061021093
1548651880 -3.5817988
1548651880 -3.6981587
1548651880 -3.8644876
1548651881 -4.417837
1548651881 -6.216966
1548651881 -5.4451995
1548651881 -6.3391366
1548651881 -4.4591513
1548651881 -4.012963
1548651881 -4.150188
1548651881 -5.291079
1548651881 -4.6346526
1548651881 -3.5181596
1548651881 -3.209323
1548651881 -3.766998
1548651881 -5.3490915
1548651882 -0.015966674
1548651882 -5.4887986
1548651882 -4.2597294
1548651882 -7.1825213
1548651882 -6.392873
1548651882 -6.411105
1548651882 -4.157809
1548651882 -7.769699
1548651882 -4.235876
1548651882 -6.9385266
1548651882 -3.5164382
1548651882 -3.4931324
1548651882 -5.29512
1548651883 -4.9808373
1548651883 -7.963798
1548651883 -8.334792
1548651883 -6.495478
1548651883 -6.0641713
1548651883 -8.344512
1548651883 0.021026714
1548651883 -5.72914
1548651883 -6.42938
1548651883 -4.269695
1548651883 -5.4496665
1548651883 -4.358749
1548651883 -3.9710712
1548651884 -4.7212763
1548651884 -8.194963
1548651884 -8.443726
1548651884 -7.2112403
1548651884 -7.5514455
1548651884 -5.552944
1548651884 -4.743064
1548651884 -783.4877
1548651884 -0.05310695
1548651884 -0.030776232
1548651884 -0.0077663953
1548651884 0.016168918
1548651885 0.039910045
1548651885 0.06343165
1548651885 0.08670966
1548651885 -0.36317718
1548651885 -2.451796
1548651885 0.09288982
1548651885 -2.0402374
1548651885 -2.7102773
1548651885 0.089034006
1548651885 -1.9874825
1548651885 -3.7057672
1548651885 0.08479769
1548651885 -3.3598166
1548651886 0.08739025
1548651886 -3.8667233
1548651886 0.08159926
1548651886 0.10494577
1548651886 -2.707081
1548651886 0.11824055
1548651886 -3.1671398
1548651886 -1.6636081
1548651886 -3.9645953
1548651886 0.08058681
1548651886 0.10391309
1548651886 -1.614188
1548651886 -2.2995126
1548651887 0.098707005
1548651887 -1.5004551
1548651887 0.11483283
1548651887 -3.6999123
1548651887 -2.085289
1548651887 0.10607095
1548651887 -2.8894372
1548651887 0.10742598
1548651887 -3.8039687
1548651887 0.101924874
1548651887 -2.1328704
1548651887 0.12064287
1548651887 -2.3021314
1548651888 -1.9798009
1548651888 -4.3403783
1548651888 0.1101226
1548651888 -4.1162553
1548651888 -2.0601118
1548651888 0.09695827
1548651888 -3.6983657
1548651888 0.10082206
1548651888 -1.4735092
1548651888 -0.24499099
1548651888 -1.6834532
1548651888 -2.0959885
1548651889 -2.2841136
1548651889 -3.2885978
1548651889 0.08213072
1548651889 -1.1029907
1548651889 -2.8693566
1548651889 0.071308285
1548651889 0.09523167
1548651889 -3.3188212
1548651889 0.09732539
1548651889 -0.80577445
1548651889 -2.7193844
1548651889 0.098013625
1548651890 0.12181503
1548651890 -1.057612
1548651890 -3.291712
1548651890 0.12437333
1548651890 -0.98074985
1548651890 -2.8674324
1548651890 -1.7737285
1548651890 -0.26267174
1548651890 -3.0597835
1548651890 -2.466991
1548651890 0.09302584
1548651890 -2.764409
1548651890 0.10651538
1548651891 -3.259873
1548651891 0.1022379
1548651891 -4.704948
1548651891 0.09666986
1548651891 -4.5842333
1548651891 0.098646075
1548651891 -5.0548234
1548651891 0.09183395
1548651891 -4.0777826
1548651891 0.094958015
1548651891 -2.9978664
1548651891 -2.0247617
1548651892 -2.0188756
1548651892 -3.3447359
1548651892 0.083645605
1548651892 -5.298137
1548651892 0.079005994
1548651892 -2.317261
1548651892 -3.8622105
1548651892 0.07299061
1548651892 -2.3284934
1548651892 -0.1410009
1548651892 -1.72548
1548651892 -0.8367137
1548651892 0.081337616
1548651893 -3.7466762
1548651893 -2.043091
1548651893 0.07087945
1548651893 -4.675429
1548651893 -1.8171872
1548651893 0.056046925
1548651893 -0.9200586
1548651893 -3.4117992
1548651893 0.057353456
1548651893 -1.8629181
1548651893 0.07556429
1548651893 -3.9059954
1548651894 -2.6671796
1548651894 0.07844536
1548651894 -0.5471289
1548651894 -1.8416423
1548651894 -3.3931594
1548651894 -3.2661757
1548651894 0.06888539
1548651894 -4.0044775
1548651894 -2.6858976
1548651894 0.06565793
1548651894 -3.2218359
1548651894 0.07356547
1548651895 0.09833891
1548651895 -3.9254591
1548651895 -0.60019773
1548651895 -4.684796
1548651895 0.08142399
1548651895 -0.49010122
1548651895 -1.774116
1548651895 -1.509497
1548651895 -1.3668001
1548651895 -5.132928
1548651895 0.09390446
1548651895 -2.7668881
1548651895 -2.793703
1548651896 -4.8938165
1548651896 0.09356005
1548651896 -4.0385666
1548651896 0.104575045
1548651896 -3.8411725
1548651896 0.12004317
1548651896 -3.4505754
1548651896 -2.6889145
1548651896 -3.9321814
1548651896 -3.6303587
1548651896 0.12965453
1548651896 -4.889933
1548651897 0.13812765
1548651897 -4.274047
1548651897 -2.7732182
1548651897 0.15258971
1548651897 -3.1289403
1548651897 -5.0420876
1548651897 -2.9732401
1548651897 -6.8329506
1548651897 0.13798794
1548651897 -5.106998
1548651897 -1.9431357
1548651897 -4.9709277
1548651897 0.14033978
1548651898 -4.473372
1548651898 0.15280369
1548651898 -4.6076155
1548651898 -5.428847
1548651898 0.14851797
1548651898 0.16976067
1548651898 -6.563292
1548651898 0.17073008
1548651898 -4.606516
1548651898 -4.8667197
1548651898 0.1804205
1548651898 -6.5360827
1548651899 -3.6107807
1548651899 0.18508875
1548651899 -4.331991
1548651899 0.20307763
1548651899 -4.0836864
1548651899 0.2307392
1548651899 -2.8169312
1548651899 -5.0532703
1548651899 -7.7861743
1548651899 0.21649869
1548651899 -5.002985
1548651899 -2.0967066
1548651899 -4.82103
1548651900 0.23333907
1548651900 -3.7539186
1548651900 -7.1026835
1548651900 -6.3431993
1548651900 -7.5356903
1548651900 0.1819756
1548651900 -7.1815195
1548651900 0.18648134
1548651900 -8.343612
1548651900 0.18689163
1548651900 -3.6810973
1548651900 -5.460031
1548651901 -8.175837
1548651901 0.18963818
1548651901 -8.887958
1548651901 0.18851502
1548651901 -7.280826
1548651901 0.1940273
1548651901 -9.343432
1548651901 0.19170076
1548651901 -5.883471
1548651901 -4.6914105
1548651901 -5.9245696
1548651901 -9.2614155
1548651902 0.18142673
1548651902 0.13522813
1548651902 1.298783
1548651902 1.278438
1548651902 0.25543302
1548651902 -1.089458
1548651902 -0.13537055
1548651902 -1.7182485
1548651902 -1.937724
1548651902 -1.4705725
1548651902 0.23804854
1548651902 0.26313004
1548651903 -1.6184075
1548651903 -0.95564
1548651903 -0.6601758
1548651903 0.36048308
1548651903 0.79623705
1548651903 -0.4433343
1548651903 -0.87846816
1548651903 -2.7492025
1548651903 -0.37151435
1548651903 -2.0831053
1548651903 -2.7694106
1548651903 0.2054198
1548651904 -0.43104452
1548651904 0.119602405
1548651904 0.15138939
1548651904 -1.8510817
1548651904 -3.13792
1548651904 -1.8609711
1548651904 -4.3129215
1548651904 -4.3216662
1548651904 0.044042446
1548651904 0.07536794
1548651904 -0.8702609
1548651904 -2.5735075
1548651904 0.0555751
1548651905 0.08714727
1548651905 -2.0913808
1548651905 -1.8264108
1548651905 -3.026618
1548651905 -4.8193374
1548651905 0.071431205
1548651905 -2.2632656
1548651905 -4.5977283
1548651905 -1.5443345
1548651905 -2.7993836
1548651905 0.0634995
1548651905 -1.1888586
1548651906 -5.883304
1548651906 -3.598847
1548651906 0.036597654
1548651906 -4.1627183
1548651906 0.051850118
1548651906 -2.6457286
1548651906 -4.383647
1548651906 -3.8994563
1548651906 -3.3453634
1548651906 -4.315822
1548651906 -6.9219227
1548651906 0.012490598
1548651907 -1.4025315
1548651907 -3.824872
1548651907 -3.893954
1548651907 -2.468866
1548651907 0.022796165
1548651907 -4.376755
1548651907 -6.6269403
1548651907 -6.4703913
1548651907 -2.726912
1548651907 -4.423732
1548651907 0.0318584
1548651907 -5.572304
1548651908 -2.8968596
1548651908 0.029371213
1548651908 -2.9861686
1548651908 -6.3569293
1548651908 0.0538649
1548651908 -3.5219824
1548651908 -6.0248027
1548651908 -3.041233
1548651908 -6.241691
1548651908 -5.3717194
1548651908 -4.7496185
1548651908 -0.0030864675
1548651909 -5.3014565
1548651909 -5.8651676
1548651909 -8.241229
1548651909 -6.3274746
1548651909 -5.21834
1548651909 -0.0035803763
1548651909 -6.9599466
1548651909 -5.634772
1548651909 -7.6116877
1548651909 -6.7938137
1548651909 -4.196717
1548651909 -7.5904336
1548651910 -6.5308633
1548651910 -4.3253803
1548651910 0.029933093
1548651910 -6.768337
1548651910 0.0646878
1548651910 -5.7394595
1548651910 -5.437485
1548651910 -7.1127954
1548651910 -720.9427
1548651910 0.3203845
1548651910 1.5176628
1548651911 2.5686066
1548651911 2.5864248
1548651911 1.9613502
1548651911 1.77171
1548651911 0.53814155
1548651911 0.14021815
1548651911 -0.885776
1548651911 -1.3746423
1548651911 0.008087452
1548651911 -2.7088351
1548651911 -2.644551
1548651912 -1.5713853
1548651912 -3.478224
1548651912 -4.2901516
1548651912 -4.1007032
1548651912 -1.2955436
1548651912 -2.734609
1548651912 -2.9061368
1548651912 -3.58409
1548651912 -3.109213
1548651912 -3.3557167
1548651912 -3.9241023
1548651912 -0.0025299955
1548651913 -3.178429
1548651913 -5.097743
1548651913 -0.016782265
1548651913 -3.7285762
1548651913 -5.0559964
1548651913 -2.1036942
1548651913 -4.899255
1548651913 -0.05140418
1548651913 -4.9730186
1548651913 -0.054539263
1548651913 -3.2804172
1548651914 -5.748587
1548651914 -0.07346579
1548651914 -4.2926545
1548651914 -4.434982
1548651914 -5.211263
1548651914 -2.1649299
1548651914 -6.2228236
1548651914 -0.101585485
1548651914 -1.9047576
1548651914 -5.406688
1548651914 -4.9593163
1548651914 -0.11387548
1548651914 -3.5425134
1548651915 -1.756265
1548651915 -5.037016
1548651915 -4.7580805
1548651915 -3.2783082
1548651915 -2.356295
1548651915 -5.1177635
1548651915 -0.11695966
1548651915 -7.1680408
1548651915 -7.1067076
1548651915 -6.393394
1548651915 -4.846236
1548651916 -7.174788
1548651916 -6.6378884
1548651916 -5.772954
1548651916 -0.16973598
1548651916 -4.337267
1548651916 -4.844196
1548651916 -3.9727104
1548651916 -5.6666718
1548651916 -4.9244967
1548651916 -4.633474
1548651916 -5.9066505
1548651916 -4.875659
1548651917 -5.186667
1548651917 -5.913435
1548651917 -5.3427105
1548651917 -5.009424
1548651917 -6.7143397
1548651917 -6.890638
1548651917 -0.2528247
1548651917 -7.6005406
1548651917 -0.24845618
1548651917 -4.244163
1548651917 -4.9621973
1548651917 -3.6849082
1548651918 -0.25919685
1548651918 -4.276387
1548651918 -3.1287653
1548651918 -5.5850577
1548651918 -0.27282178
1548651918 -7.063689
1548651918 -3.9169414
1548651918 -0.27367342
1548651918 -0.2623902
1548651918 -3.8193743
1548651918 -5.5231385
1548651918 -0.2593912
1548651919 -0.24852033
1548651919 -0.23766355
1548651919 -0.22592153
1548651919 -0.21177047
1548651919 -0.19762637
1548651919 -6.0000305
1548651919 -0.1987003
1548651919 -0.18229012
1548651919 -4.108242
1548651919 -0.18305269
1548651919 -0.16670698
1548651919 -0.15037969
1548651919 -1.5777074
1548651920 -0.1416324
1548651920 -0.12322567
1548651920 -1.9470931
1548651920 -0.11707225
1548651920 -0.10095282
1548651920 -0.084892064
1548651920 -2.4831798
1548651920 -0.07309167
1548651920 -0.05934337
1548651920 -0.04958956
1548651920 -0.039814938
1548651920 -0.030127231
1548651921 -0.020528032
1548651921 -0.011019147
1548651921 0.00020260361
1548651921 0.008965139
1548651921 0.0219725
1548651921 0.028738322
1548651921 0.04085941
1548651921 0.05284639
1548651921 -2.593751
1548651921 0.058361534
1548651921 0.07019907
1548651921 0.08189504
1548651922 -1.3020347
1548651922 0.08285167
1548651922 0.09436352
1548651922 -1.1432779
1548651922 0.08663092
1548651922 0.098067544
1548651922 0.102915384
1548651922 0.11344262
1548651922 -1.1301677
1548651922 0.11674784
1548651922 0.121003665
1548651922 0.13110614
1548651922 0.141062
1548651923 0.15086946
1548651923 0.49852157
1548651923 0.13807528
1548651923 0.14788295
1548651923 -1.1665138
1548651923 0.16112527
1548651923 1.8020668
1548651923 0.15687425
1548651923 0.46229067
1548651923 3.0774457
1548651923 3.5295484
1548651924 1.9043713
1548651924 1.5140388
1548651924 -0.047880456
1548651924 -0.6154182
1548651924 -0.6713292
1548651924 1.663157
1548651924 3.7701292
1548651924 0.5473907
1548651924 1.0872755
1548651924 0.29252163
1548651924 1.9202969
1548651924 1.7117598
1548651925 0.27238703
1548651925 2.7900198
1548651925 0.42666537
1548651925 0.17505676
1548651925 -1.0239171
1548651925 -0.012197205
1548651925 0.20514412
1548651925 -1.8146642
1548651925 0.18892694
1548651925 0.61522543
1548651925 0.18882172
1548651925 0.2693764
1548651926 -2.1437237
1548651926 -0.16936836
1548651926 -2.5318103
1548651926 -3.2042716
1548651926 -1.63871
1548651926 -1.2954584
1548651926 -1.7757794
1548651926 -0.7216931
1548651926 -3.031371
1548651926 -3.4372327
1548651926 -0.8142387
1548651926 -2.4956987
1548651927 -2.606408
1548651927 -3.0745723
1548651927 -0.019986609
1548651927 -3.4992955
1548651927 -0.024073923
1548651927 -3.7538748
1548651927 -1.6155959
1548651927 -0.027464313
1548651927 -2.3847756
1548651927 -0.03344125
1548651927 -0.015466526
1548651927 -2.9329302
1548651928 -0.024312245
1548651928 -2.5727057
1548651928 -0.025988476
1548651928 -1.5124807
1548651928 -0.017878244
1548651928 -3.668293
1548651928 -0.025991661
1548651928 -0.00575501
1548651928 -1.9178165
1548651928 -0.008004591
1548651928 -4.2504272
1548651928 -3.7916212
1548651929 -0.023689594
1548651929 -0.0059506553
1548651929 -1.1692786
1548651929 -3.0325086
1548651929 -3.2645326
1548651929 -0.034364667
1548651929 -3.1425653
1548651929 -0.023823094
1548651929 -0.006198878
1548651929 -1.9159192
1548651929 -0.40535194
1548651929 -1.0682033
1548651930 -1.421978
1548651930 -2.6514244
1548651930 -0.031273723
1548651930 -0.5965523
1548651930 -1.7106812
1548651930 -3.7589588
1548651930 -0.042772923
1548651930 -2.6646416
1548651930 -0.6921282
1548651930 -0.03988537
1548651930 -1.6115386
1548651930 -0.041718017
1548651931 -3.1766846
1548651931 -2.7030532
1548651931 -5.094972
1548651931 -0.0646713
1548651931 -3.5072997
1548651931 -0.35071528
1548651931 -4.1343374
1548651931 -0.081974894
1548651931 -0.07273697
1548651931 -3.390069
1548651931 -0.07429934
1548651931 -0.06520442
1548651932 -0.05215249
1548651932 -1.0249002
1548651932 -0.046117097
1548651932 -4.1004624
1548651932 -1.174425
1548651932 -0.5872013
1548651932 -0.93036276
1548651932 -0.07076128
1548651932 -0.060944285
1548651932 -3.3816116
1548651932 -0.065121666
1548651932 -0.0542708
1548651933 -0.46662205
1548651933 -0.051600255
1548651933 -1.4004551
1548651933 -1.669945
1548651933 -0.060176555
1548651933 -0.047661223
1548651933 -0.035253037
1548651933 0.37196565
1548651933 -2.3634365
1548651933 -0.41739714
1548651933 -0.02792079
1548651933 -0.46727836
1548651934 -0.036192965
1548651934 -0.024206122
1548651934 -2.8507566
1548651934 -0.02291696
1548651934 0.026928954
1548651934 -0.025288573
1548651934 -0.013505798
1548651934 -1.7105601
1548651934 0.031959027
1548651934 -0.022902446
1548651934 -0.011281435
1548651934 -0.7894495
1548651935 -0.009729227
1548651935 -0.002986966
1548651935 -0.69208676
1548651935 -0.0075301365
1548651935 0.0046087173
1548651935 -2.208671
1548651935 -0.0055607795
1548651935 -0.88547856
1548651935 -0.01609447
1548651935 -0.003963814
1548651935 0.008043943
1548651936 -1.9101129
1548651936 0.03761912
1548651936 -0.0063165626
1548651936 0.0056253816
1548651936 -0.4580243
1548651936 -0.0003816857
1548651936 0.0114129875
1548651936 0.8779426
1548651936 0.0052283597
1548651936 0.01596797
1548651936 0.026378509
1548651936 1.4892303
1548651937 0.009308196
1548651937 0.01955358
1548651937 0.029660456
1548651937 0.039626725
1548651937 -0.11634516
1548651937 0.023753349
1548651937 0.033669412
1548651937 1.1489816
1548651937 0.028785922
1548651937 0.038434923
1548651937 0.04794233
1548651937 -0.46102408
1548651938 0.03868327
1548651938 0.73027515
1548651938 0.044217512
1548651938 -0.2991067
1548651938 0.046266846
1548651938 0.47080687
1548651938 0.033979386
1548651938 0.04303046
1548651938 0.050457522
1548651938 1.5827181
1548651938 0.03744672
1548651938 0.044662774
1548651939 0.05171598
1548651939 0.05860584
1548651939 -299.46835
1548651939 -2.833486
1548651939 -3.7304513
1548651939 -3.9145625
1548651939 -5.076865
1548651939 -1.5684901
1548651939 -2.8523371
1548651939 -0.07224452
1548651940 -5.156794
1548651940 -0.081538
1548651940 -0.064665586
1548651940 -3.7023196
1548651940 -1.9253275
1548651940 -3.74978
1548651940 -0.08155748
1548651940 -4.4468794
1548651940 -0.08911514
1548651940 -2.9012206
1548651940 -3.7432551
1548651940 -7.3171773
1548651941 -5.291764
1548651941 -4.0816765
1548651941 -2.0481143
1548651941 -5.5100174
1548651941 -6.582578
1548651941 -5.800372
1548651941 -6.20127
1548651941 -5.8985233
1548651941 -4.2998157
1548651941 -7.642821
1548651941 -5.668291
1548651942 -0.23002464
1548651942 -7.4098964
1548651942 -0.22461677
1548651942 -7.2767506
1548651942 -0.2278353
1548651942 -3.7302847
1548651942 -6.784169
1548651942 -5.819618
1548651942 -0.22747512
1548651942 -6.647721
1548651942 -0.22642392
1548651942 -3.2415025
1548651943 -5.126993
1548651943 -4.631461
1548651943 -0.23812093
1548651943 -6.324353
1548651943 -0.24898174
1548651943 -6.178989
1548651943 -0.25033364
1548651943 -4.7983766
1548651943 -5.5256295
1548651943 -6.6704483
1548651943 -0.26374385
1548651944 -5.432869
1548651944 -0.27158168
1548651944 -0.26188612
1548651944 -4.9426866
1548651944 -3.3079765
1548651944 -7.158357
1548651944 -0.27628702
1548651944 -3.83391
1548651944 -0.2706181
1548651944 -2.9935534
1548651944 -0.25963953
1548651944 -0.24605292
1548651945 -5.2676206
1548651945 -0.25059986
1548651945 -3.7303145
1548651945 -0.24885342
1548651945 -0.23680682
1548651945 -0.22549707
1548651945 -0.21985285
1548651945 -0.21175167
1548651945 -0.20371026
1548651945 -0.19573057
1548651946 -0.18781485
1548651946 -0.17982607
1548651946 -0.17189647
1548651946 -0.16403525
1548651946 -0.1562434
1548651946 -0.14852293
1548651946 -0.1408752
1548651946 -0.13330208
1548651946 -0.12580463
1548651946 -0.118384264
1548651946 -0.10737129
1548651947 -0.09980246
1548651947 -0.09231392
1548651947 -0.084907226
1548651947 -0.077583276
1548651947 -0.07034334
1548651947 -0.061459303
1548651947 -0.05040626
1548651947 -0.039461482
1548651947 -0.028628403
1548651947 -0.017909808
1548651947 2.244594
1548651948 -0.82431334
1548651948 0.30760655
1548651948 0.13536856
1548651948 -0.28738618
1548651948 1.0036926
1548651948 1.6516925
1548651948 -0.13621575
1548651948 0.21187773
1548651948 -1.5329784
1548651948 -0.3890116
1548651948 -1.77997
1548651948 0.8164859
1548651949 -2.0172763
1548651949 -0.026835069
1548651949 0.21569858
1548651949 0.1503379
1548651949 -0.3280627
1548651949 -0.74217534
1548651949 -2.2242665
1548651949 -1.982142
1548651949 -3.0480802
1548651949 -2.0158248
1548651949 -2.221122
1548651950 0.08387346
1548651950 -3.368675
1548651950 -1.6527187
1548651950 -0.9719117
1548651950 0.060678508
1548651950 -0.8261304
1548651950 -4.1705832
1548651950 0.048573025
1548651950 -3.0933497
1548651950 -2.8783963
1548651950 -2.714699
1548651950 -0.3615418
1548651951 -0.6797153
1548651951 -3.5756037
1548651951 -1.15841
1548651951 -1.2856694
1548651951 -2.8632228
1548651951 -1.696693
1548651951 -2.679929
1548651951 -3.7129965
1548651951 -2.5871794
1548651951 -4.174611
1548651951 -0.060249083
1548651952 -4.4722815
1548651952 -2.5674167
1548651952 -4.173909
1548651952 -5.3326
1548651952 -3.8905914
1548651952 -5.0558457
1548651952 -5.2867966
1548651952 -6.463471
1548651952 -4.3072653
1548651952 -0.16260874
1548651952 -2.276663
1548651952 -5.997164
1548651953 -1.690968
1548651953 -4.9782968
1548651953 -0.19153504
1548651953 -3.8464837
1548651953 -0.19842468
1548651953 -0.1916334
1548651953 -4.653561
1548651953 -3.8853714
1548651953 -0.19975604
1548651953 -3.151005
1548651953 -0.20474967
1548651954 -0.19276986
1548651954 -1.0786234
1548651954 -0.1973138
1548651954 -0.18569767
1548651954 -3.2937658
1548651954 -0.19077964
1548651954 -2.0933194
1548651954 -0.19270517
1548651954 -0.18548249
1548651954 -0.17556362
1548651954 -0.165737
1548651954 -0.15625152
1548651955 -0.14778757
1548651955 -0.1394417
1548651955 -0.13121572
1548651955 -0.12311187
1548651955 -0.11513194
1548651955 -0.10727785
1548651955 -0.0995513
1548651955 -0.09195334
1548651955 -0.08499294
1548651955 -0.07815756
1548651955 -0.06736201
1548651956 -0.05551023
1548651956 -0.04377382
1548651956 -0.032156162
1548651956 -0.02060252
1548651956 -0.00736697
1548651956 0.008488376
1548651956 0.0211508
1548651956 0.031801336
1548651956 0.042491112
1548651956 0.053023256
1548651956 0.06339535
1548651957 -0.13169748
1548651957 -0.10905954
1548651957 -0.08605552
1548651957 -0.06356006
1548651957 -0.04116511
1548651957 -0.01889407
1548651957 0.0032309773
1548651957 -2.9602404
1548651957 0.010534372
1548651957 -4.1845965
1548651957 0.01244862
1548651958 -1.2435676
1548651958 -4.2724814
1548651958 0.014053282
1548651958 -3.2325943
1548651958 -3.9737134
1548651958 0.0048246826
1548651958 -3.7250376
1548651958 0.010287278
1548651958 -2.648287
1548651958 -4.664883
1548651958 -0.0011673861
1548651958 -3.041199
1548651959 0.0077595636
1548651959 -1.1224535
1548651959 -2.1482847
1548651959 -5.377536
1548651959 -0.0016178846
1548651959 0.018084802
1548651959 -4.3558664
1548651959 0.018396996
1548651959 -4.705173
1548651959 0.014309955
1548651959 -1.8343047
1548651959 0.03184567
1548651960 -4.0376124
1548651960 0.032232333
1548651960 -2.395078
1548651960 -2.9856381
1548651960 0.028909214
1548651960 -4.646718
1548651960 0.024949627
1548651960 -4.4319243
1548651960 0.023554526
1548651960 -2.855968
1548651960 0.03455034
1548651961 -3.0813446
1548651961 -3.345095
1548651961 0.024642883
1548651961 -5.0110755
1548651961 0.017369742
1548651961 -3.5374181
1548651961 0.023646802
1548651961 -4.878479
1548651961 0.022099001
1548651961 -0.85597
1548651961 -1.7701527
1548651962 -4.7586913
1548651962 0.024852252
1548651962 -2.5152407
1548651962 -1.4035745
1548651962 -1.1632394
1548651962 -1.3799586
1548651962 -3.5369916
1548651962 -1.4426347
1548651962 -2.6617947
1548651962 -3.4520483
1548651962 -4.797553
1548651962 -0.013820317
1548651963 -2.8812847
1548651963 0.001414581
1548651963 -3.9369113
1548651963 -2.7734048
1548651963 0.00027740744
1548651963 -3.7295768
1548651963 -1.1882621
1548651963 0.013232845
1548651963 -1.673967
1548651963 -4.1000614
1548651963 -5.919488
1548651964 -0.011558158
1548651964 0.012285799
1548651964 -4.9329667
1548651964 -3.3939252
1548651964 -3.2668335
1548651964 -1.7005019
1548651964 -4.2099605
1548651964 -5.6641355
1548651964 -0.053468514
1548651964 -0.029303612
1548651964 -0.005236905
1548651965 -4.4510274
1548651965 -5.040551
1548651965 -0.024574814
1548651965 -0.00040795648
1548651965 -1.5657445
1548651965 -2.9347787
1548651965 -3.2251625
1548651965 -5.123524
1548651965 -0.020436384
1548651965 -4.2363977
1548651965 -0.016096042
1548651966 -5.4417114
1548651966 -0.020373814
1548651966 -2.017132
1548651966 -2.5642362
1548651966 -4.5108075
1548651966 -0.007016006
1548651966 -2.0448248
1548651966 0.023689112
1548651966 -5.7323155
1548651966 -4.697397
1548651966 0.0065021263
1548651967 -2.6184378
1548651967 0.030921131
1548651967 -6.3199077
1548651967 0.023410993
1548651967 -1.7665138
1548651967 -2.0633943
1548651967 -5.962542
1548651967 0.029280119
1548651967 0.053859178
1548651967 -2.9500518
1548651967 -2.5957766
1548651968 0.07234751
1548651968 -2.470515
1548651968 -6.082065
1548651968 0.06686155
1548651968 -2.788061
1548651968 -4.0086718
1548651968 0.07926098
1548651968 -3.118599
1548651968 -6.0420785
1548651968 0.07241557
1548651968 0.097088926
1548651968 -5.3904295
1548651969 0.100336455
1548651969 -6.351766
1548651969 0.09583146
1548651969 -5.3052607
1548651969 0.10040476
1548651969 -4.656067
1548651969 0.109798566
1548651969 -3.170724
1548651969 -2.8957324
1548651969 -3.2334836
1548651969 -2.4895763
1548651970 -5.7097044
1548651970 0.10217772
1548651970 -6.243988
1548651970 0.10102298
1548651970 0.12604566
1548651970 -6.4316087
1548651970 0.120846264
1548651970 -3.9617946
1548651970 -6.3335357
1548651970 0.11166391
1548651970 0.1368264
1548651970 -4.468259
1548651971 -4.4166226
1548651971 0.14005703
1548651971 -4.1002464
1548651971 -3.0795927
1548651971 -2.7694795
1548651971 -5.651898
1548651971 0.1406189
1548651971 -3.209013
1548651971 -4.3349094
1548651971 0.15808724
1548651972 -3.7043602
1548651972 -4.5653043
1548651972 0.17198238
1548651972 -3.5001328
1548651972 -3.3646345
1548651972 -6.404575
1548651972 0.1789145
1548651972 -3.7960374
1548651972 -4.2223516
1548651972 -4.8003387
1548651972 0.19153702
1548651972 -4.7916756
1548651973 -5.143624
1548651973 0.20385
1548651973 -6.050199
1548651973 -5.1399364
1548651973 -4.5880113
1548651973 -7.5502167
1548651973 0.19159004
1548651973 -7.995905
1548651973 -9.09234
1548651973 0.16553962
1548651973 -5.0930448
1548651974 0.18653534
1548651974 -5.5446043
1548651974 -8.313192
1548651974 0.18212561
1548651974 -6.528166
1548651974 -7.546335
1548651974 -7.8942814
1548651974 -5.049155
1548651974 -8.830514
1548651974 -5.690338
1548651974 -8.312749
1548651974 -8.310008
1548651975 -9.932635
1548651975 0.13051379
1548651975 -8.54778
1548651975 -6.940928
1548651975 -10.822873
1548651975 0.120467186
1548651975 0.15013373
1548651975 -8.280194
1548651975 -9.499882
1548651975 -10.472627
1548651975 0.1294187
1548651976 -11.8484535
1548651976 -11.970813
1548651976 0.120461166
1548651976 -11.483237
1548651976 -8.543859
1548651976 -9.717335
1548651976 -7.056918
1548651976 -6.9936905
1548651976 -7.3075356
1548651976 -6.7855744
1548651976 -10.602228
1548651977 -6.7038302
1548651977 -8.448129
1548651977 -8.14834
1548651977 -12.213675
1548651977 -9.528259
1548651977 0.40755913
1548651977 -7.396761
1548651977 0.4447635
1548651977 -10.821534
1548651977 -13.618578
1548651977 -10.560749
1548651977 -10.492138
1548651978 -1225.7361
1548651978 -0.14720896
1548651978 -0.12531433
1548651978 -0.10288962
1548651978 -0.080481134
1548651978 -0.05805092
1548651978 -0.03461077
1548651978 -0.011290315
1548651978 0.011884858
1548651978 0.034889527
1548651979 0.057700194
1548651979 -3.776995
1548651979 0.04993556
1548651979 -0.7822223
1548651979 -3.6723366
1548651979 0.045023475
1548651979 -1.1991358
1548651979 -1.0481474
1548651979 0.05919258
1548651979 -0.6423448
1548651979 -3.1554804
1548651979 0.051340494
1548651980 -2.4757955
1548651980 0.0512972
1548651980 -0.97447157
1548651980 0.070282415
1548651980 -1.5494387
1548651980 -1.953845
1548651980 0.07494606
1548651980 -5.0101104
1548651980 0.06359355
1548651980 -3.516902
1548651980 0.060138565
1548651981 -4.345529
1548651981 0.049588926
1548651981 -1.4207876
1548651981 0.06897226
1548651981 -0.102971286
1548651981 -2.006923
1548651981 -3.2147331
1548651981 0.06346391
1548651981 -3.5401566
1548651981 0.057937663
1548651981 -1.3727372
1548651982 -0.77578807
1548651982 -4.2671895
1548651982 0.050065044
1548651982 0.06690793
1548651982 -2.2360291
1548651982 0.085670136
1548651982 0.113671035
1548651982 -3.696755
1548651982 -4.7117515
1548651982 0.068717845
1548651982 -4.3258133
1548651982 0.06258295
1548651983 -2.1241257
1548651983 -4.5922976
1548651983 0.04603841
1548651983 0.06895708
1548651983 0.09164691
1548651983 -1.0807858
1548651983 -0.39096957
1548651983 -2.4152496
1548651983 -0.7658323
1548651983 -1.1335795
1548651983 -2.3407183
1548651984 0.05243087
1548651984 0.07547545
1548651984 -2.462892
1548651984 0.081873484
1548651984 -4.002099
1548651984 -0.7903641
1548651984 0.061297018
1548651984 -1.3270615
1548651984 -3.9573877
1548651984 0.049897537
1548651984 -2.7168214
1548651985 0.05639794
1548651985 -0.60223764
1548651985 -1.6942406
1548651985 -0.3177486
1548651985 -2.9479206
1548651985 -3.882181
1548651985 0.036023285
1548651985 0.059802566
1548651985 -3.6820807
1548651985 0.05762176
1548651985 -3.893907
1548651985 0.049058504
1548651986 -0.9012148
1548651986 -2.6125493
1548651986 0.045145787
1548651986 0.06906627
1548651986 -1.3502202
1548651986 0.0887421
1548651986 -0.84555966
1548651986 -3.9255826
1548651986 -1.0713673
1548651986 -3.488495
1548651986 0.06527343
1548651987 -3.2957337
1548651987 0.06239391
1548651987 -4.7044835
1548651987 0.057405565
1548651987 0.08125737
1548651987 -2.1803916
1548651987 -2.309727
1548651987 0.07145896
1548651987 -3.6300507
1548651987 0.072585784
1548651987 -2.3328412
1548651988 0.07768906
1548651988 -1.6965975
1548651988 0.087422736
1548651988 -2.740193
1548651988 -1.7176694
1548651988 -5.4526653
1548651988 0.07099306
1548651988 -3.9234748
1548651988 0.06408568
1548651988 0.08862956
1548651988 -2.5942664
1548651989 0.09842403
1548651989 -3.3450584
1548651989 0.10056782
1548651989 -2.831518
1548651989 0.11124283
1548651989 -1.4239532
1548651989 -2.1943882
1548651989 -2.5804722
1548651989 0.11853015
1548651989 -6.022596
1548651989 0.10795377
1548651990 -3.0651789
1548651990 0.11791242
1548651990 -3.3712194
1548651990 0.12590244
1548651990 -2.6212857
1548651990 -4.2718477
1548651990 0.13338976
1548651990 -4.7417955
1548651990 -3.2956767
1548651990 0.12405393
1548651990 -4.489246
1548651990 0.11972625
1548651991 -3.8839705
1548651991 0.13068834
1548651991 0.15479784
1548651991 -3.857328
1548651991 -6.6495614
1548651991 0.11748982
1548651991 -6.303939
1548651991 0.11078049
1548651991 -5.7960863
1548651991 0.11026175
1548651991 -6.5421515
1548651992 0.10441105
1548651992 -2.4115431
1548651992 0.12139441
1548651992 0.13696861
1548651992 -4.8690214
1548651992 -7.0136056
1548651992 0.106940895
1548651992 -2.7231336
1548651992 0.11835155
1548651992 -2.4583113
1548651992 -4.1189194
1548651993 -3.0965211
1548651993 -3.2432852
1548651993 -5.2718368
1548651993 -7.0712466
1548651993 -1.6182133
1548651993 -3.2389073
1548651993 -5.7127995
1548651993 0.072098576
1548651993 -5.421468
1548651993 -5.5785146
1548651993 -2.6091547
1548651994 -3.161223
1548651994 -3.3336525
1548651994 -5.950729
1548651994 -7.795434
1548651994 0.033859752
1548651994 -2.358498
1548651994 0.061051976
1548651994 -4.6047726
1548651994 -3.3656862
1548651994 -4.113954
1548651994 -3.4642756
1548651995 -5.799005
1548651995 -3.6272576
1548651995 -6.035131
1548651995 -5.9293613
1548651995 -6.1416507
1548651995 -5.1074667
1548651995 -5.4263935
1548651995 -4.6715245
1548651995 -5.6308026
1548651995 -4.259399
1548651996 -4.3993864
1548651996 -3.0511682
1548651996 -4.728086
1548651996 -586.432
1548651996 -0.41750088
1548651996 0.79745513
1548651996 0.4336299
1548651996 -1.050914
1548651996 -0.4362118
1548651996 0.41818166
1548651997 -2.189898
1548651997 -2.7718468
1548651997 0.03861452
1548651997 -2.3045297
1548651997 0.03634156
1548651997 -1.8571224
1548651997 0.028243601
1548651997 -2.818409
1548651997 0.017853366
1548651997 -1.3596834
1548651997 0.031640578
1548651998 -0.45707175
1548651998 0.0366311
1548651998 -0.51477474
1548651998 0.38317475
1548651998 -2.2475383
1548651998 0.019431058
1548651998 -3.0414746
1548651998 0.016761119
1548651998 -0.8098667
1548651998 0.023013934
1548651998 -1.5249306
1548651999 -2.798538
1548651999 0.04877271
1548651999 0.027812054
1548651999 0.50026673
1548651999 0.055275243
1548651999 -1.1615733
1548651999 -1.5177315
1548651999 0.8039297
1548651999 -1.6821679
1548651999 0.013328819
1548651999 -0.54269123
1548652000 0.009280683
1548652000 -1.0423132
1548652000 0.02289543
1548652000 -0.014173923
1548652000 0.035712972
1548652000 0.06548056
1548652000 -1.3549035
1548652000 -1.0687721
1548652000 -0.089238964
1548652000 -2.9848213
1548652000 0.0057449373
1548652001 -0.22051303
1548652001 0.030247798
1548652001 0.2995769
1548652001 -1.0574114
1548652001 0.021709716
1548652001 -0.69813013
1548652001 -0.5990172
1548652001 -0.020983847
1548652001 0.009465738
1548652001 0.03787724
1548652002 0.06476014
1548652002 -2.222668
1548652002 -0.23456219
1548652002 0.06091433
1548652002 0.45123324
1548652002 -1.2005161
1548652002 0.078269586
1548652002 0.10350537
1548652002 -1.6454895
1548652002 -0.38731506
1548652002 -1.7483859
1548652003 -0.6157206
1548652003 0.07120381
1548652003 -2.2757583
1548652003 -0.4548989
1548652003 0.06477468
1548652003 0.090233825
1548652003 -0.43338794
1548652003 -1.89354
1548652003 0.091167614
1548652003 -2.9132047
1548652003 -1.6492968
1548652004 -1.7199405
1548652004 0.07739336
1548652004 -2.3988457
1548652004 0.02734252
1548652004 0.074839465
1548652004 -1.4661661
1548652004 -0.34622312
1548652004 0.07371593
1548652004 0.09382892
1548652004 -1.4046067
1548652004 0.08582156
1548652005 -3.4398432
1548652005 0.078816466
1548652005 0.10626614
1548652005 -2.0934975
1548652005 -4.011059
1548652005 0.08704134
1548652005 -3.8694823
1548652005 0.08538071
1548652005 -2.4726553
1548652005 -1.8013736
1548652005 0.11119502
1548652006 -0.74187565
1548652006 -3.7655303
1548652006 0.11972396
1548652006 -3.602252
1548652006 -3.5915513
1548652006 0.07603054
1548652006 -4.6182895
1548652006 0.08326029
1548652006 -4.392296
1548652006 0.08009936
1548652006 -4.1665835
1548652007 0.07791853
1548652007 -3.961161
1548652007 -2.8644629
1548652007 -5.908575
1548652007 0.059834722
1548652007 -2.3550189
1548652007 0.07401239
1548652007 -1.7989888
1548652007 0.10279495
1548652007 -2.7090166
1548652008 -6.047222
1548652008 -1.7938174
1548652008 -3.746686
1548652008 -5.1196127
1548652008 -3.761718
1548652008 -5.738412
1548652008 -4.486604
1548652008 -6.2469583
1548652008 -3.486018
1548652008 0.015537038
1548652008 -2.440752
1548652009 -2.5450575
1548652009 -5.37633
1548652009 0.0077583115
1548652009 -4.431151
1548652009 -4.934736
1548652009 -5.4533443
1548652009 -2.8692575
1548652009 -4.4694495
1548652009 -4.726087
1548652009 -6.5856442
1548652009 -521.1244
1548652010 -0.14379059
1548652010 -0.1134291
1548652010 -0.08226419
1548652010 -0.051011074
1548652010 0.29784945
1548652010 -0.02262376
1548652010 0.008717479
1548652010 0.039939575
1548652010 -1.098646
1548652010 0.23373196
1548652011 -3.014368
1548652011 0.050450087
1548652011 -1.7828542
1548652011 0.042271286
1548652011 -1.2511543
1548652011 0.039645102
1548652011 -3.7007675
1548652011 0.033762533
1548652011 -4.2224245
1548652011 0.034214016
1548652011 -2.1948287
1548652012 0.044391446
1548652012 -3.27972
1548652012 -2.0126293
1548652012 0.025515614
1548652012 0.057428483
1548652012 -2.968574
1548652012 -2.924897
1548652012 0.058506366
1548652012 -2.4616923
1548652012 -2.7951524
1548652012 0.057663985
1548652013 -3.4065301
1548652013 -4.277061
1548652013 0.03482473
1548652013 -2.9456937
1548652013 0.024457611
1548652013 0.050176684
1548652013 -1.7931224
1548652013 -1.9110183
1548652013 0.05865832
1548652013 -4.8286967
1548652013 -4.1841526
1548652014 -3.7120059
1548652014 0.027329402
1548652014 -3.712945
1548652014 0.031781193
1548652014 -2.1999567
1548652014 -3.9276323
1548652014 0.039109934
1548652014 -5.1880965
1548652014 -4.1150694
1548652014 -2.5063775
1548652015 0.04741822
1548652015 -5.4404716
1548652015 -2.509691
1548652015 -5.1070175
1548652015 -3.819068
1548652015 -6.349031
1548652015 0.03888383
1548652015 -3.1757233
1548652015 -7.552955
1548652015 -4.8457475
1548652015 -5.3350325
1548652016 -4.31361
1548652016 -3.0215347
1548652016 -5.990167
1548652016 -5.5892053
1548652016 -6.096161
1548652016 -5.820076
1548652016 -7.9592986
1548652016 -5.959503
1548652016 -6.7457337
1548652016 -6.0200386
1548652016 -5.2947164
1548652017 -6.734099
1548652017 -7.461869
1548652017 -4.3070107
1548652017 -7.926273
1548652017 -5.0144334
1548652017 -4.9123907
1548652017 -5.267968
1548652017 -8.206455
1548652017 -4.5654926
1548652017 -8.943831
1548652017 -9.9256935
1548652018 -10.102632
1548652018 -10.039566
1548652018 -8.216867
1548652018 -753.11725
1548652018 -3.8115203
1548652018 -2.481575
1548652018 -3.219944
1548652018 -0.956864
1548652018 -3.678861
1548652018 -4.5276065
1548652019 -0.09049638
1548652019 -3.8051555
1548652019 -3.548575
1548652019 -0.097349994
1548652019 -2.8300362
1548652019 -4.683208
1548652019 -2.642177
1548652019 -0.12989567
1548652019 -3.6263938
1548652019 -0.12716343
1548652020 -4.1880484
1548652020 -4.7622385
1548652020 -0.13574123
1548652020 -5.7551866
1548652020 -4.616156
1548652020 -0.16689987
1548652020 -0.15128171
1548652020 -3.2400112
1548652020 -4.1565757
1548652020 -0.16718665
1548652020 -4.3859034
1548652021 -6.2972813
1548652021 -5.3894706
1548652021 -0.20534852
1548652021 -0.18999192
1548652021 -1.6193001
1548652021 -6.5836396
1548652021 -0.19913013
1548652021 -4.6930246
1548652021 -3.3633342
1548652021 -5.025372
1548652021 -0.22392057
1548652022 -3.7200701
1548652022 -0.2190507
1548652022 -4.4845386
1548652022 -0.22020295
1548652022 -1.7680751
1548652022 -0.21212459
1548652022 -3.5893052
1548652022 -6.900096
1548652022 -0.22833838
1548652022 -3.5681367
1548652023 -4.6301994
1548652023 -2.6750736
1548652023 -4.8452187
1548652023 -6.0877357
1548652023 -0.25975013
1548652023 -3.509432
1548652023 -0.2515374
1548652023 -5.199314
1548652023 -2.892002
1548652023 -5.26196
1548652023 -0.26655108
1548652024 -5.831979
1548652024 -0.27692774
1548652024 -0.2715612
1548652024 -0.26623413
1548652024 -0.26261222
1548652024 -6.724037
1548652024 -7.0024133
1548652024 -6.911756
1548652024 -0.29343995
1548652024 -0.2872407
1548652025 -6.084007
1548652025 -5.7593775
1548652025 -0.3082343
1548652025 -0.30148986
1548652025 -3.3487418
1548652025 -4.132363
1548652025 -0.3002715
1548652025 -5.4371395
1548652025 -0.31257445
1548652025 -0.30600116
1548652025 -0.29946497
1548652026 -0.29296753
1548652026 -0.28651008
1548652026 -0.28009415
1548652026 -3.601775
1548652026 -0.28575206
1548652026 -0.2795072
1548652026 -0.27330616
1548652026 -0.26715013
1548652026 -0.26098394
1548652026 -4.2453732
1548652026 -0.26381677
1548652027 -0.25777683
1548652027 -0.25178528
1548652027 -2.3303785
1548652027 -0.24982733
1548652027 -0.2439924
1548652027 -0.23820873
1548652027 -3.2111182
1548652027 -0.24196215
1548652027 -0.23633589
1548652027 -0.23076303
1548652028 -575.6949
1548652028 -2.3186696
1548652028 -1.0125581
1548652028 -2.0676486
1548652028 -2.9615974
1548652028 -1.1086954
1548652028 -0.009329605
1548652028 -2.985933
1548652028 0.018590609
1548652028 -2.772144
1548652028 -1.5078009
1548652029 -4.8188643
1548652029 -1.7199914
1548652029 -2.356305
1548652029 -3.3652604
1548652029 -4.083339
1548652029 -5.3297124
1548652029 -3.8464808
1548652029 -4.688417
1548652029 -4.9451
1548652029 -0.16969863
1548652030 -3.6583261
1548652030 -0.17719306
1548652030 -4.6537437
1548652030 -0.18303213
1548652030 -3.3770216
1548652030 -5.392558
1548652030 -3.368009
1548652030 -4.3083653
1548652030 -4.622683
1548652030 -3.1182294
1548652030 -5.577633
1548652031 -5.2602096
1548652031 -6.7832294
1548652031 -0.25829262
1548652031 -7.1539392
1548652031 -0.26241708
1548652031 -0.24891092
1548652031 -4.8961053
1548652031 -4.782804
1548652031 -0.2647102
1548652031 -6.319153
1548652032 -0.2737991
1548652032 -5.59007
1548652032 -0.28116372
1548652032 -3.8993618
1548652032 -0.28620046
1548652032 -5.9231133
1548652032 -0.29281637
1548652032 -2.391267
1548652032 -0.28514522
1548652032 -0.27189597
1548652033 -0.2586108
1548652033 -0.24529551
1548652033 -0.23886676
1548652033 -0.23124386
1548652033 -0.22318988
1548652033 -0.21517025
1548652033 -5.786264
1548652033 -0.22209798
1548652033 -0.2141805
1548652033 -0.20629981
1548652033 -0.1984573
1548652034 -0.1906547
1548652034 -2.604991
1548652034 -0.19806558
1548652034 -0.19036897
1548652034 -0.18266156
1548652034 -0.17499758
1548652034 -0.16737786
1548652034 -0.15980417
1548652034 -0.15227784
1548652034 -0.14480026
1548652034 -0.1373725
1548652035 -2.449521
1548652035 -1.0521848
1548652035 -0.14355366
1548652035 -0.13625874
1548652035 -0.12901564
1548652035 -0.121825516
1548652035 -0.11468934
1548652035 -0.10760839
1548652035 -0.100583635
1548652035 -0.09210189
1548652036 0.44556993
1548652036 -0.08746246
1548652036 -0.07769242
1548652036 -1.4719057
1548652036 -0.07847487
1548652036 -0.06989291
1548652036 -0.6865315
1548652036 -0.0683291
1548652036 -0.059897225
1548652036 -0.031972397
1548652036 -0.071730785
1548652037 -0.063372135
1548652037 -0.05495182
1548652037 -0.045479972
1548652037 -0.036106333
1548652037 -0.0268325
1548652037 -0.018137803
1548652037 -0.009633384
1548652037 -0.0012363263
1548652037 0.0070687616
1548652037 0.015322538
1548652038 0.023466503
1548652038 0.031114323
1548652038 0.03698722
1548652038 0.042744815
1548652038 0.04838645
1548652038 -0.07493358
1548652038 -0.043562386
1548652038 -0.5690891
1548652038 -0.009785979
1548652038 -1.8438563
1548652039 -0.0082234675
1548652039 0.33638927
1548652039 -0.023456905
1548652039 -3.2558656
1548652039 -1.8194417
1548652039 -0.0071253977
1548652039 0.025072118
1548652039 -2.8330243
1548652039 -2.7783139
1548652039 -3.0114298
1548652040 -0.5153841
1548652040 0.016825382
1548652040 -3.581344
1548652040 -1.641946
1548652040 -3.8311594
1548652040 -0.00858969
1548652040 -1.4836913
1548652040 -0.0121076815
1548652040 0.018050678
1548652040 -3.4950876
1548652040 0.019485595
1548652041 -4.1357665
1548652041 -1.149565
1548652041 -3.0436523
1548652041 -0.0007757915
1548652041 -4.198168
1548652041 -3.424441
1548652041 -3.8449507
1548652041 -5.076184
1548652041 -4.7173223
1548652041 -0.033916254
1548652042 -0.007849904
1548652042 -3.7901144
1548652042 -4.600233
1548652042 -4.018908
1548652042 -0.032849398
1548652042 -5.045097
1548652042 -5.2148223
1548652042 -5.69131
1548652042 -6.4679847
1548652042 -5.0536523
1548652042 -4.819126
1548652043 -5.0404825
1548652043 -6.1793823
1548652043 -3.0631678
1548652043 -6.5754824
1548652043 -6.7574477
1548652043 -3.977837
1548652043 -6.056834
1548652043 -3.8651202
1548652043 -7.113135
1548652043 -4.5620694
1548652044 -8.746239
1548652044 -6.698711
1548652044 -6.353119
1548652044 -7.122328
1548652044 -0.058499992
1548652044 -6.7866635
1548652044 -9.075131
1548652044 -9.891082
1548652044 -0.03833994
1548652044 -9.42124
1548652044 -8.512048
1548652045 -7.154584
1548652045 -8.049157
1548652045 -6.7079782
1548652045 -8.086273
1548652045 -9.1715765
1548652045 -6.7618837
1548652045 -10.359126
1548652045 -752.85254
1548652045 3.0222063
1548652045 2.4465303
1548652046 1.2327832
1548652046 2.1544702
1548652046 1.7161947
1548652046 -0.3530913
1548652046 0.83245444
1548652046 -0.1503347
1548652046 0.4585056
1548652046 0.21490166
1548652046 0.009946046
1548652046 1.4657431
1548652047 -0.5340399
1548652047 -2.287954
1548652047 -1.8177302
1548652047 0.17454566
1548652047 -1.5593306
1548652047 0.064606555
1548652047 -0.6836469
1548652047 0.05293713
1548652047 -1.0520444
1548652047 -0.27944642
1548652048 -1.516832
1548652048 -1.5355246
1548652048 -0.8712586
1548652048 -1.805176
1548652048 -1.2183506
1548652048 -1.9140866
1548652048 -1.6009262
1548652048 -2.2193954
1548652048 -2.7375634
1548652048 -2.383874
1548652049 -3.9154994
1548652049 -3.3419027
1548652049 -1.875077
1548652049 -0.08088364
1548652049 -6.3495255
1548652049 -2.9750912
1548652049 -4.349387
1548652049 -5.3103466
1548652049 -0.1376359
1548652049 -2.644259
1548652050 -5.6887608
1548652050 -4.6967964
1548652050 -4.2192783
1548652050 -3.7451231
1548652050 -6.412571
1548652050 -6.275963
1548652050 -7.7173095
1548652050 -0.21601748
1548652050 -0.20443657
1548652050 -6.796692
1548652051 -0.21466234
1548652051 -0.20479928
1548652051 -0.2026866
1548652051 -0.19790077
1548652051 -5.8403473
1548652051 -0.20877904
1548652051 -0.20354985
1548652051 -0.19775118
1548652051 -4.637193
1548652051 -0.19498649
1548652052 -1.8855933
1548652052 -4.729485
1548652052 -0.20278662
1548652052 -0.19649924
1548652052 -2.460504
1548652052 -0.19261904
1548652052 -0.18723471
1548652052 -0.73575306
1548652052 -0.19036672
1548652052 -0.18700504
1548652053 -0.18339118
1548652053 -2.8286223
1548652053 -0.19384529
1548652053 -0.19181462
1548652053 -0.18943569
1548652053 -0.17784935
1548652053 -0.17118585
1548652053 -0.16047843
1548652053 -0.15170328
1548652053 -0.142552
1548652054 -0.1344709
1548652054 -0.12595037
1548652054 -0.123123586
1548652054 -0.035471015
1548652054 -1.3792741
1548652054 -0.14522761
1548652054 -0.14474738
1548652054 -0.14294392
1548652054 -0.14292027
1548652054 -0.14224608
1548652055 -0.14040278
1548652055 -0.14229481
1548652055 -0.14335111
1548652055 -0.1447614
1548652055 -0.13862215
1548652055 -0.13018364
1548652055 -0.11752512
1548652055 -0.102447905
1548652055 -0.087487906
1548652055 -0.072992645
1548652056 -0.058575287
1548652056 -0.038040757
1548652056 -0.017022341
1548652056 -0.0016731528
1548652056 0.014613696
1548652056 0.024715178
1548652056 0.040922016
1548652056 0.05745698
1548652056 0.07269494
1548652056 -0.19180866
1548652057 -0.16159642
1548652057 -0.1305355
1548652057 -0.099278174
1548652057 -0.06789578
1548652057 -0.036448527
1548652057 -0.004999126
1548652057 0.026329001
1548652057 -0.35438076
1548652057 0.4456536
1548652057 0.04671333
1548652058 -1.1452761
1548652058 0.0649739
1548652058 -1.1527039
1548652058 0.05901679
1548652058 0.08633092
1548652058 -2.3096359
1548652058 0.0767636
1548652058 -2.3333273
1548652058 0.0826162
1548652058 -2.0900896
1548652059 -1.7133514
1548652059 -3.290954
1548652059 -3.4408052
1548652059 0.05810747
1548652059 -0.8396364
1548652059 0.075649574
1548652059 -1.6124803
1548652059 -1.8440362
1548652059 -1.9597358
1548652059 -3.7591188
1548652059 -2.8981242
1548652060 -2.2395692
1548652060 -4.413943
1548652060 0.03243454
1548652060 -3.8273063
1548652060 0.024973204
1548652060 -4.531251
1548652060 -4.321323
1548652060 0.0018203239
1548652060 -2.6783624
1548652060 0.0013529351
1548652061 -3.462358
1548652061 -3.494659
1548652061 -4.6270514
1548652061 -4.269549
1548652061 -5.8629594
1548652061 -5.16313
1548652061 0.0014210779
1548652061 -6.3848977
1548652061 -6.0497384
1548652061 -4.509393
1548652062 -2.010726
1548652062 -5.23137
1548652062 -2.816863
1548652062 -3.696266
1548652062 -4.133912
1548652062 -0.019629471
1548652062 -7.1795487
1548652062 -4.459518
1548652062 -4.5905666
1548652062 -3.2932584
1548652063 -7.7473965
1548652063 -5.210242
1548652063 -5.7873096
1548652063 -5.8710303
1548652063 -5.6344805
1548652063 -0.03789781
1548652063 -4.163705
1548652063 -6.1164036
1548652063 -0.036665272
1548652063 -5.501818
1548652064 -4.5609016
1548652064 -6.658834
1548652064 -4.4006186
1548652064 -5.391155
1548652064 -7.615532
1548652064 -6.152752
1548652064 -4.9825025
1548652064 -0.057486016
1548652064 -0.37780556
1548652064 -2.320009
1548652065 -0.37563342
1548652065 -2.4993184
1548652065 -1.2013471
1548652065 -2.702031
1548652065 -1.1142862
1548652065 -2.6976264
1548652065 0.014003187
1548652065 -1.5993935
1548652065 -0.92106885
1548652066 -3.776283
1548652066 -0.008576607
1548652066 -1.012225
1548652066 -0.016400965
1548652066 -2.0973895
1548652066 -2.4989831
1548652066 -0.030449927
1548652066 -4.2127132
1548652066 -1.0795403
1548652066 -3.4136076
1548652067 -1.8022236
1548652067 -4.413546
1548652067 -4.164911
1548652067 -5.565065
1548652067 -4.9294877
1548652067 -5.4852505
1548652067 -4.947887
1548652067 -4.002184
1548652067 -0.14028989
1548652067 -4.0326247
1548652068 -3.9648118
1548652068 -4.1275373
1548652068 -3.4297566
1548652068 -3.5863695
1548652068 -4.2822194
1548652068 -2.6281018
1548652068 -4.968016
1548652068 -5.3680277
1548652068 -5.0812283
1548652068 -0.2608497
1548652069 -0.25102177
1548652069 -0.2406162
1548652069 -0.23021264
1548652069 -0.22565809
1548652069 -0.22147429
1548652069 -3.0858448
1548652069 -0.22987837
1548652069 -0.2255366
1548652069 -4.1515713
1548652069 -0.22488585
1548652070 -0.21672471
1548652070 -0.20889327
1548652070 -0.8287267
1548652070 -0.20948522
1548652070 -4.1117477
1548652070 -0.22352104
1548652070 -0.22235568
1548652070 -0.22038661
1548652070 -0.21874489
1548652070 -0.21643725
1548652071 -0.20545432
1548652071 -0.19565351
1548652071 -0.1862107
1548652071 -0.17776215
1548652071 -0.5752225
1548652071 -0.17969619
1548652071 -0.1717571
1548652071 -0.1681567
1548652071 -0.16510622
1548652071 -0.16045514
1548652072 -0.15776137
1548652072 -0.15508723
1548652072 -0.15472369
1548652072 -0.15399413
1548652072 -0.15487398
1548652072 -0.15509602
1548652072 -0.15748031
1548652072 -0.16086437
1548652072 -0.16387793
1548652072 -0.1658873
1548652073 -0.16805083
1548652073 -0.17036854
1548652073 -0.1665548
1548652073 -0.15669729
1548652073 -0.14555258
