1548651783 -0.017662704
1548651783 -0.02185314
1548651783 -0.027627608
1548651783 -0.031164851
1548651783 -0.038836963
1548651783 -0.04613484
1548651783 -0.05184621
1548651783 -0.059377585
1548651783 -0.06708291
1548651783 -0.07009518
1548651783 -0.07393212
1548651783 -0.08019894
1548651783 -0.08146066
1548651784 -0.09153288
1548651784 -0.09715258
1548651784 -0.0993107
1548651784 -0.105560504
1548651784 -0.11698729
1548651784 -0.12751752
1548651784 -0.12808332
1548651784 -0.12769452
1548651784 -0.1298838
1548651784 -0.13768722
1548651784 -0.13867307
1548651784 -0.14388828
1548651784 -0.14967386
1548651784 -0.15153027
1548651784 -0.15591404
1548651784 -0.16131292
1548651784 -0.16212027
1548651785 -0.16644141
1548651785 -0.16654395
1548651785 -0.16961598
1548651785 -0.17441247
1548651785 -0.17413577
1548651785 -0.17196783
1548651785 -0.16899532
1548651785 -0.17509542
1548651785 -0.17501853
1548651785 -0.17447041
1548651785 -0.17446531
1548651785 -0.17358182
1548651785 -0.17935626
1548651785 -0.18283038
1548651785 -0.18181588
1548651785 -0.1862647
1548651785 -0.1912859
1548651786 -0.1929094
1548651786 -0.19340609
1548651786 -0.19992961
1548651786 -0.20302445
1548651786 -0.20883836
1548651786 -0.21635011
1548651786 -0.2211359
1548651786 -0.22715232
1548651786 -0.23179434
1548651786 -0.24142472
1548651786 -0.24172387
1548651786 -0.24975026
1548651786 -0.25938216
1548651786 -0.26551703
1548651786 -0.27060834
1548651786 -0.2768369
1548651786 -0.28463045
1548651787 -0.28742194
1548651787 -0.29238394
1548651787 -0.29814252
1548651787 -0.30510247
1548651787 -0.30848736
1548651787 -0.30906358
1548651787 -0.30903962
1548651787 -0.30963886
1548651787 -0.31708318
1548651787 -0.32296726
1548651787 -0.3259532
1548651787 -0.329717
1548651787 -0.3372567
1548651787 -0.34508213
1548651787 -0.35074756
1548651787 -0.3554207
1548651787 -0.3597958
1548651788 -0.36424524
1548651788 -0.36452505
1548651788 -0.3706566
1548651788 -0.37467113
1548651788 -0.37570897
1548651788 -0.37777397
1548651788 -0.3785045
1548651788 -0.38033372
1548651788 -0.38570035
1548651788 -0.38829112
1548651788 -0.3919865
1548651788 -0.38995695
1548651788 -0.39274523
1548651788 -0.3901936
1548651788 -0.386171
1548651788 -0.3856341
1548651788 -0.37989452
1548651789 -0.3807568
1548651789 -0.37739843
1548651789 -0.37100062
1548651789 -0.37109643
1548651789 -0.36987242
1548651789 -0.36945587
1548651789 -0.3656981
1548651789 -0.36236492
1548651789 -0.35729468
1548651789 -0.3531407
1548651789 -0.349848
1548651789 -0.3499926
1548651789 -0.35094962
1548651789 -0.344412
1548651789 -0.34320813
1548651789 -0.34511766
1548651789 -0.34413677
1548651790 -0.3457243
1548651790 -0.34169942
1548651790 -0.33656228
1548651790 -0.33414057
1548651790 -0.33105204
1548651790 -0.07628375
1548651790 -0.085218586
1548651790 -0.09528528
1548651790 -0.107622094
1548651790 -0.118054435
1548651790 -0.1203708
1548651790 -0.13225548
1548651790 -0.14335948
1548651790 -0.15211174
1548651790 -0.15210491
1548651791 -0.15554945
1548651791 -0.16095372
1548651791 -0.16650143
1548651791 -0.17442857
1548651791 -0.18698959
1548651791 -0.1954824
1548651791 -0.20120358
1548651791 -0.21197312
1548651791 -0.21800625
1548651791 -0.22310445
1548651791 -0.23022518
1548651791 -0.2375533
1548651791 -0.2445109
1548651791 -0.24515772
1548651791 -0.2489916
1548651792 -0.25493583
1548651792 -0.25905383
1548651792 -0.26149955
1548651792 -0.26370293
1548651792 -0.26488322
1548651792 -0.27164057
1548651792 -0.2780385
1548651792 -0.27894402
1548651792 -0.28123316
1548651792 -0.2861855
1548651792 -0.28811216
1548651792 -0.29477772
1548651792 -0.298595
1548651792 -0.30619672
1548651792 -0.31220433
1548651792 -0.31615597
1548651793 -0.31721002
1548651793 -0.3194743
1548651793 -0.32120994
1548651793 -0.3266708
1548651793 -0.32950467
1548651793 -0.33467832
1548651793 -0.33902165
1548651793 -1.8489081
1548651793 -0.3527625
1548651793 -0.3563162
1548651793 -0.3618336
1548651793 -0.36595532
1548651793 -0.37508067
1548651793 -0.37970343
1548651793 -0.386316
1548651793 -0.39341736
1548651793 -0.4018842
1548651794 -0.40784764
1548651794 -0.4170878
1548651794 -0.423822
1548651794 -0.4308926
1548651794 -0.4372501
1548651794 -0.44088158
1548651794 -0.4499494
1548651794 -0.4571806
1548651794 -0.46599147
1548651794 -0.47056064
1548651794 -0.47566324
1548651794 -0.48207483
1548651794 -0.48735154
1548651794 -0.4947057
1548651794 -0.5013582
1548651794 -0.5100206
1548651795 -0.51800984
1548651795 -0.52442294
1548651795 -0.53046906
1548651795 -0.53598356
1548651795 -0.54444486
1548651795 -0.55090183
1548651795 -0.5554622
1548651795 -0.5631256
1548651795 -0.57012635
1548651795 -0.5760147
1548651795 0.122962646
1548651795 0.12253197
1548651795 0.120731756
1548651795 0.11753993
1548651795 0.11364595
1548651796 0.10353459
1548651796 0.097455695
1548651796 0.09843373
1548651796 0.08135488
1548651796 0.0705892
1548651796 0.05967254
1548651796 0.058757715
1548651796 0.060273044
1548651796 0.05177108
1548651796 0.05192765
1548651796 0.049806707
1548651796 0.04103268
1548651796 0.038810834
1548651796 0.036814835
1548651796 0.033640463
1548651796 0.025583984
1548651797 0.022419471
1548651797 0.017467977
1548651797 0.016462328
1548651797 0.016870283
1548651797 0.009494041
1548651797 0.005883133
1548651797 -0.0035182985
1548651797 -0.011135378
1548651797 -0.013872484
1548651797 -0.016701486
1548651797 -0.024805639
1548651797 -0.028571358
1548651797 -0.032975473
1548651797 -0.03661612
1548651797 -0.038096983
1548651797 -0.046377152
1548651798 -0.054099765
1548651798 -0.062099636
1548651798 -0.07156646
1548651798 -0.07279258
1548651798 -0.080515265
1548651798 -0.082446
1548651798 -0.08755513
1548651798 -0.0886548
1548651798 -0.08828847
1548651798 -0.0903703
1548651798 -0.09437559
1548651798 -0.095152006
1548651798 -0.09834319
1548651798 -0.10411421
1548651798 -0.10942791
1548651798 -0.11312322
1548651799 -0.111975245
1548651799 1.3401237
1548651799 -0.11118285
1548651799 -0.107145965
1548651799 -0.11462977
1548651799 -0.12017854
1548651799 -0.124117956
1548651799 -0.12837705
1548651799 -0.13253021
1548651799 -0.137163
1548651799 -0.14286178
1548651799 -0.14682059
1548651799 0.9152242
1548651799 -0.14813995
1548651799 -0.15969516
1548651799 -0.16383371
1548651800 -0.17097144
1548651800 -0.17360765
1548651800 -0.18502569
1548651800 -0.19413084
1548651800 -0.19911933
1548651800 -0.20389967
1548651800 -0.2104317
1548651800 -0.2140882
1548651800 -0.21854593
1548651800 -0.22545475
1548651800 -0.23385692
1548651800 -0.24002312
1548651800 -0.24214505
1548651800 -0.25144574
1548651800 -0.25609726
1548651800 -0.26521584
1548651801 -0.27400747
1548651801 -0.2839358
1548651801 -0.28917846
1548651801 -0.29631567
1548651801 -0.3031738
1548651801 -0.31239304
1548651801 -0.32171932
1548651801 -0.32816616
1548651801 -0.33234254
1548651801 -0.8662043
1548651801 -0.34149945
1548651801 -0.34404936
1548651801 -0.35088637
1548651801 -0.3548437
1548651801 -0.36435297
1548651802 -0.37090644
1548651802 -0.37638375
1548651802 -0.38246855
1548651802 -0.39141703
1548651802 -0.4008488
1548651802 -0.40581843
1548651802 -0.40968373
1548651802 -0.41728452
1548651802 -0.4215498
1548651802 -0.429493
1548651802 -0.43417713
1548651802 -0.43898237
1548651802 -0.4453576
1548651802 -0.4541879
1548651802 -2.1313756
1548651802 -0.46593806
1548651803 -0.4724038
1548651803 -0.47969136
1548651803 -0.48822135
1548651803 -0.4946492
1548651803 -0.5015311
1548651803 -0.5070155
1548651803 -0.51196665
1548651803 -0.52176327
1548651803 -0.5284947
1548651803 -0.53340596
1548651803 -0.53598744
1548651803 -0.5425143
1548651803 -0.55061555
1548651803 -0.5589691
1548651803 -0.5666788
1548651804 -0.5765634
1548651804 -0.587823
1548651804 -0.591898
1548651804 -0.6009362
1548651804 -0.6088752
1548651804 -0.6174144
1548651804 -0.6296965
1548651804 -0.63779604
1548651804 -0.6433475
1548651804 -0.6524561
1548651804 -0.6628721
1548651804 -0.67274797
1548651804 -0.68160653
1548651804 -0.6928304
1548651804 -0.70311695
1548651804 -0.71196586
1548651805 -0.7196927
1548651805 -0.7272561
1548651805 -0.7339565
1548651805 -0.7422793
1548651805 -0.75230706
1548651805 -0.10429391
1548651805 -0.1106738
1548651805 -0.10721577
1548651805 -0.10873075
1548651805 -0.111171834
1548651805 -0.11174817
1548651805 -0.116944
1548651805 -0.11955127
1548651805 -0.124523364
1548651805 -0.12780996
1548651806 -0.12556984
1548651806 -0.12864146
1548651806 -0.12838863
1548651806 -0.12669067
1548651806 -0.12863646
1548651806 -0.13567987
1548651806 -0.14217196
1548651806 -0.14017212
1548651806 -0.137533
1548651806 -0.13764252
1548651806 -0.14373201
1548651806 -0.1442562
1548651806 -0.15037966
1548651806 -0.15308826
1548651806 -0.15313706
1548651807 -0.15520664
1548651807 -0.16076632
1548651807 -0.1588946
1548651807 -0.16143331
1548651807 -0.16131505
1548651807 -0.16652547
1548651807 -0.17014311
1548651807 -0.17037234
1548651807 -1.0464635
1548651807 -0.1655668
1548651807 -0.16890599
1548651807 -0.1734653
1548651807 -0.17622772
1548651807 -0.16766599
1548651807 -0.17200138
1548651807 -0.17687064
1548651808 -0.18070887
1548651808 -0.1883217
1548651808 -0.19308421
1548651808 -0.19524667
1548651808 -0.19718154
1548651808 -0.19646592
1548651808 -0.20331104
1548651808 -0.20748657
1548651808 -0.2132243
1548651808 -0.21748509
1548651808 -0.22513238
1548651808 -0.22961971
1548651808 -0.2335027
1548651808 -0.23468922
1548651808 -0.23958251
1548651809 -0.24180363
1548651809 -0.24217625
1548651809 -0.24795906
1548651809 -0.25031942
1548651809 -0.25388122
1548651809 -0.25589463
1548651809 -0.25149602
1548651809 -1.7827307
1548651809 -0.25020075
1548651809 -0.2548516
1548651809 -0.2564126
1548651809 -0.25455073
1548651809 -0.26137683
1548651809 -0.26065293
1548651809 -0.2643082
1548651810 -0.26126453
1548651810 -0.2611865
1548651810 -0.2596121
1548651810 -0.2574963
1548651810 -0.25809637
1548651810 -0.2635667
1548651810 -0.2663472
1548651810 -0.26696995
1548651810 -0.269597
1548651810 -0.2773455
1548651810 -0.278796
1548651810 -0.27265555
1548651810 -0.28010678
1548651810 -0.27395475
1548651810 -0.27413878
1548651811 0.009094449
1548651811 0.005151129
1548651811 0.004608352
1548651811 0.008826398
1548651811 0.017084977
1548651811 0.022493128
1548651811 0.028446991
1548651811 0.025809795
1548651811 0.033800878
1548651811 0.037532248
1548651811 0.03574087
1548651811 0.033926226
1548651811 0.029471714
1548651811 0.029179115
1548651811 0.033711396
1548651812 -0.3203105
1548651812 0.035253067
1548651812 0.03707462
1548651812 0.042595103
1548651812 0.038187455
1548651812 0.03907887
1548651812 0.04509234
1548651812 0.051507626
1548651812 0.0503804
1548651812 0.055601344
1548651812 0.044070415
1548651812 0.05197291
1548651812 0.051729705
1548651812 0.050431743
1548651812 0.040995326
1548651813 0.031061783
1548651813 0.028770166
1548651813 0.015730243
1548651813 0.0138131445
1548651813 0.01582108
1548651813 0.0037309944
1548651813 0.002728038
1548651813 -0.009846466
1548651813 -0.008529389
1548651813 -0.017763102
1548651813 -0.02866538
1548651813 -0.04011724
1548651813 -0.052853122
1548651813 -0.07082668
1548651814 -0.08391757
1548651814 -0.103186585
1548651814 -0.11957073
1548651814 -0.11249096
1548651814 -0.115804106
1548651814 -0.11657324
1548651814 -0.124803826
1548651814 -0.12605356
1548651814 -0.14314383
1548651814 -0.15247647
1548651814 -0.16275725
1548651814 -0.17772682
1548651814 -0.18869135
1548651814 -0.20479806
1548651814 -0.21679743
1548651815 -0.23428893
1548651815 -0.24185215
1548651815 -0.24973544
1548651815 -0.253029
1548651815 -0.27298525
1548651815 -0.28075105
1548651815 -0.28125623
1548651815 -0.28803822
1548651815 -0.3007927
1548651815 -0.3152897
1548651815 -0.33797827
1548651815 -0.3428157
1548651815 -0.34267324
1548651815 -0.350478
1548651816 -0.36165106
1548651816 -0.37537622
1548651816 -0.39142975
1548651816 -0.40697876
1548651816 -0.42072654
1548651816 -0.42732406
1548651816 -0.43681026
1548651816 -0.43769267
1548651816 -0.4445907
1548651816 -0.4529592
1548651816 0.01401042
1548651816 0.0069874427
1548651816 0.004468083
1548651816 0.003961579
1548651817 0.001588425
1548651817 -0.0038923793
1548651817 -0.008652694
1548651817 -0.009149109
1548651817 -0.010495991
1548651817 -0.016370248
1548651817 -0.017177746
1548651817 -0.017247612
1548651817 -0.024192117
1548651817 -0.027530862
1548651817 -0.027810074
1548651817 -0.031205382
1548651817 -0.03680279
1548651817 -0.036596365
1548651818 -0.037529964
1548651818 -0.045018602
1548651818 -0.050991066
1548651818 -0.054987825
1548651818 -0.054921556
1548651818 -0.057440307
1548651818 -0.060227767
1548651818 -0.061506506
1548651818 -0.06275686
1548651818 -0.062445685
1548651818 -0.062140204
1548651818 -0.05993254
1548651818 -0.058330934
1548651818 -0.06298148
1548651819 -0.062030975
1548651819 -0.06222065
1548651819 -0.06745052
1548651819 -0.07038353
1548651819 -0.07077539
1548651819 -0.07277716
1548651819 -0.076307304
1548651819 -0.07674626
1548651819 0.15389822
1548651819 -0.07075643
1548651819 -0.0730946
1548651819 -0.07637754
1548651819 -0.08560175
1548651819 -0.093847275
1548651819 -0.09469536
1548651820 -0.10061304
1548651820 -0.10422335
1548651820 -0.10873833
1548651820 -0.11492621
1548651820 -0.116469525
1548651820 -0.44690484
1548651820 -0.11737282
1548651820 -0.12640247
1548651820 -0.12780139
1548651820 -0.12641528
1548651820 -0.12853676
1548651820 -0.13013475
1548651820 -0.13462447
1548651820 -0.13360819
1548651821 -0.1376361
1548651821 -0.14047402
1548651821 -0.14636509
1548651821 -0.15409683
1548651821 -0.15382181
1548651821 -0.16067047
1548651821 -0.16662404
1548651821 -0.1702604
1548651821 -0.17506546
1548651821 -0.16417104
1548651821 -0.16081525
1548651821 -0.16340974
1548651821 -0.16567709
1548651821 -0.16454916
1548651822 -0.16439998
1548651822 -0.16868857
1548651822 -0.16530924
1548651822 -0.16746195
1548651822 -0.16884845
1548651822 -0.17001961
1548651822 -0.1736378
1548651822 -0.17459972
1548651822 -0.17523664
1548651822 -0.17771405
1548651822 -0.18199597
1548651822 -0.18195054
1548651822 -0.18578717
1548651822 -0.19159737
1548651823 -0.19747782
1548651823 -0.19938752
1548651823 -0.19750148
1548651823 -0.20329374
1548651823 -0.20256329
1548651823 -0.20655851
1548651823 -0.21117859
1548651823 -0.2178703
1548651823 -0.21867524
1548651823 -0.22369355
1548651823 -0.22658716
1548651823 -0.22831802
1548651823 -0.23349242
1548651823 -0.23721246
1548651824 -0.24377501
1548651824 -0.25075504
1548651824 -0.26071402
1548651824 -0.26624915
1548651824 -0.27619776
1548651824 -0.2831343
1548651824 -0.29045418
1548651824 -0.29725486
1548651824 -0.29995096
1548651824 -0.30548528
1548651824 -0.3101256
1548651824 -0.31897932
1548651824 -0.32558116
1548651824 -0.33009362
1548651825 -0.33461547
1548651825 -2.7178016
1548651825 -0.33818203
1548651825 -0.34430963
1548651825 -0.34491068
1548651825 -0.34915227
1548651825 -0.35293466
1548651825 -0.3576783
1548651825 -0.361314
1548651825 -0.36196506
1548651825 -0.36311567
1548651825 -0.36442167
1548651825 -0.36864913
1548651825 -0.37407288
1548651826 -0.37629107
1548651826 -0.38022918
1548651826 -0.38365245
1548651826 -0.38636798
1548651826 -0.3896462
1548651826 -0.39176285
1548651826 -0.3872581
1548651826 -0.38278395
1548651826 -0.38117132
1548651826 -0.3817658
1548651826 0.22178723
1548651826 0.21355185
1548651826 0.20200361
1548651827 0.18289228
1548651827 0.171386
1548651827 0.16769361
1548651827 0.14780214
1548651827 0.12282135
1548651827 0.09987103
1548651827 0.08994554
1548651827 0.07640581
1548651827 0.05936567
1548651827 0.048767265
1548651827 0.027677517
1548651827 0.023616077
1548651827 0.03576875
1548651827 0.010491925
1548651827 0.001461408
1548651828 -0.01261592
1548651828 -0.02479246
1548651828 -0.031788502
1548651828 -0.051069483
1548651828 -0.05861221
1548651828 -0.075788714
1548651828 -0.0853782
1548651828 -0.09093252
1548651828 -0.09855594
1548651828 -0.10202041
1548651828 -0.11272414
1548651828 -0.11994063
1548651828 -0.12074381
1548651828 -0.12391856
1548651829 -0.13576159
1548651829 -0.14695342
1548651829 -0.15612218
1548651829 -0.16524899
1548651829 -0.17577149
1548651829 -0.19138753
1548651829 -0.1910257
1548651829 -0.20030855
1548651829 -0.21220702
1548651829 -0.219181
1548651829 -0.2292004
1548651829 -0.2355912
1548651829 -0.24232706
1548651830 -0.2530963
1548651830 -0.26448187
1548651830 -0.27345687
1548651830 -0.2806452
1548651830 -0.28691095
1548651830 -0.3038012
1548651830 -0.3050543
1548651830 -0.31747454
1548651830 -0.33402833
1548651830 -0.34553733
1548651830 -0.3559684
1548651830 -0.36607254
1548651830 -0.38103178
1548651830 -0.392482
1548651831 -0.40717426
1548651831 -0.42280832
1548651831 -0.43161535
1548651831 -0.43113592
1548651831 -1.7354573
1548651831 -0.4381856
1548651831 -0.44513294
1548651831 -0.4641167
1548651831 -0.4712732
1548651831 -0.47928047
1548651831 -0.48521724
1548651831 -0.48783234
1548651832 -0.49373403
1548651832 -0.49077106
1548651832 -0.5019794
1548651832 -0.50488746
1548651832 -0.5070384
1548651832 -0.50772274
1548651832 -0.5069782
1548651832 -0.50977623
1548651832 -0.51816714
1548651832 -0.51587784
1548651832 -0.521697
1548651832 -0.51893485
1548651832 -0.062781505
1548651832 -0.50929
1548651833 -0.50617415
1548651833 -0.5093632
1548651833 -0.50478166
1548651833 -0.49948215
1548651833 -0.5017236
1548651833 -0.49459362
1548651833 -0.4877301
1548651833 -0.47728738
1548651833 -0.47052145
1548651833 -0.4573074
1548651833 -0.45712653
1548651833 -0.44259176
1548651833 -0.42673406
1548651833 -0.4145941
1548651834 0.026965171
1548651834 0.025431538
1548651834 0.022034839
1548651834 0.016845299
1548651834 0.024537351
1548651834 0.033732876
1548651834 0.03405695
1548651834 0.036396243
1548651834 0.034448832
1548651834 -0.7498164
1548651834 0.05185086
1548651834 0.05958077
1548651834 0.06025091
1548651835 0.0585542
1548651835 0.0636062
1548651835 0.06496069
1548651835 0.063434966
1548651835 0.05470357
1548651835 0.059061617
1548651835 0.061030284
1548651835 0.0560006
1548651835 0.053240277
1548651835 0.050401807
1548651835 0.049767975
1548651835 0.05843973
1548651835 0.04729673
1548651835 0.03458375
1548651836 0.03453013
1548651836 0.03627521
1548651836 0.031122051
1548651836 0.032899197
1548651836 0.023435554
1548651836 0.021581478
1548651836 0.013261672
1548651836 0.016150506
1548651836 0.013724052
1548651836 -0.00094717706
1548651836 -0.0048808362
1548651836 -0.011775566
1548651836 -0.011334775
1548651836 -0.008353955
1548651837 -0.024429686
1548651837 -0.014227442
1548651837 -0.011080287
1548651837 -0.018767335
1548651837 -0.025009474
1548651837 -0.044319484
1548651837 -0.055424113
1548651837 -0.062396508
1548651837 -0.058923136
1548651837 -0.07227763
1548651837 -0.0854887
1548651837 -0.10272516
1548651837 -0.11482529
1548651837 -0.13635443
1548651838 -0.14616157
1548651838 -0.16420443
1548651838 -0.18806535
1548651838 -0.20341484
1548651838 -0.21762604
1548651838 -0.23207963
1548651838 -0.24089803
1548651838 -0.2605234
1548651838 -0.28472397
1548651838 -0.29630062
1548651838 -0.31542796
1548651838 -0.331092
1548651838 -0.3300052
1548651838 -0.33679113
1548651839 -0.34443215
1548651839 -0.34927684
1548651839 -0.35699987
1548651839 -0.37716275
1548651839 -0.36864486
1548651839 -0.38844678
1548651839 -0.40428612
1548651839 -0.41564164
1548651839 -0.42815474
1548651839 -0.43433857
1548651839 -0.0022523436
1548651839 -0.0046699224
1548651839 -0.00811693
1548651839 -0.009356554
1548651840 -0.009737295
1548651840 -0.011739445
1548651840 -0.017586665
1548651840 -0.026209429
1548651840 -0.027793935
1548651840 -0.03067916
1548651840 -0.042090636
1548651840 -0.047271755
1548651840 -0.056045834
1548651840 -0.0645553
1548651840 -0.07482684
1548651840 -0.079236686
1548651840 -0.08386305
1548651841 -0.09015559
1548651841 0.054658804
1548651841 -0.09554145
1548651841 -0.10284676
1548651841 -0.104000814
1548651841 -0.10928345
1548651841 -0.112393655
1548651841 -0.1158237
1548651841 -0.11858158
1548651841 -0.12094509
1548651841 -0.12621373
1548651841 -0.1368038
1548651841 -0.14586698
1548651841 -0.15655197
1548651842 -0.16095024
1548651842 -0.16452612
1548651842 -0.17091072
1548651842 -0.1777266
1548651842 -0.18605053
1548651842 -0.19210961
1548651842 -0.20191528
1548651842 -0.21203348
1548651842 -0.21563026
1548651842 -0.22184063
1548651842 -0.22596337
1548651842 -0.233625
1548651842 -1.5032458
1548651842 -0.24984112
1548651843 -0.2609981
1548651843 -0.26913273
1548651843 -0.2767118
1548651843 -0.28121024
1548651843 -0.28920308
1548651843 -0.29513192
1548651843 -0.2991069
1548651843 -0.30095866
1548651843 -0.30690902
1548651843 -0.31112817
1548651843 -0.31188068
1548651843 -0.3154098
1548651843 -0.321823
1548651844 -0.32461807
1548651844 -0.32574603
1548651844 -0.33101687
1548651844 -0.33511335
1548651844 -0.34121746
1548651844 -0.34384742
1548651844 -0.3495043
1548651844 -0.35362232
1548651844 -0.35627687
1548651844 -0.36060485
1548651844 -0.36558494
1548651844 -0.37142903
1548651844 -0.37334284
1548651845 -0.37476864
1548651845 -0.37858966
1548651845 -0.38091108
1548651845 -0.38301462
1548651845 -0.38420394
1548651845 -0.38612327
1548651845 -0.38605437
1548651845 -0.38336498
1548651845 -0.38549063
1548651845 -0.38808903
1548651845 -0.38911277
1548651845 -0.39091855
1548651845 -0.39500996
1548651845 -0.39890155
1548651846 -0.4030783
1548651846 -0.4054714
1548651846 -0.4073518
1548651846 -0.4071195
1548651846 -0.4085233
1548651846 -0.41056123
1548651846 -0.4129376
1548651846 -0.41710913
1548651846 -0.4198981
1548651846 -0.42193818
1548651846 -0.42547655
1548651846 -0.42810187
1548651846 -0.42907628
1548651847 -0.42913508
1548651847 -0.43284583
1548651847 -0.4357473
1548651847 -0.43896368
1548651847 -0.44261318
1548651847 -0.44361797
1548651847 -0.44545293
1548651847 -0.44409794
1548651847 -0.4465029
1548651847 -0.44860226
1548651847 -3.0830367
1548651847 -0.44366154
1548651847 -0.44505483
1548651848 0.031282004
1548651848 0.026147513
1548651848 0.023034547
1548651848 0.018598191
1548651848 0.021487897
1548651848 0.02089509
1548651848 0.020069748
1548651848 0.020924624
1548651848 0.019914288
1548651848 0.018991303
1548651848 0.017730253
1548651848 0.013696134
1548651848 0.013980864
1548651849 1.2642297
1548651849 0.01857852
1548651849 1.1393024
1548651849 0.018627513
1548651849 0.020978885
1548651849 0.019081563
1548651849 0.024085838
1548651849 0.02412089
1548651849 0.024219146
1548651849 0.027185144
1548651849 1.0188355
1548651849 1.1634237
1548651849 0.03853802
1548651849 0.03979614
1548651850 0.04385035
1548651850 0.047672536
1548651850 0.050233994
1548651850 0.052407466
1548651850 0.05162523
1548651850 0.053653885
1548651850 1.0451943
1548651850 1.1135132
1548651850 0.0685814
1548651850 0.072566755
1548651850 0.07604081
1548651850 1.2724978
1548651850 0.084025405
1548651851 1.2756219
1548651851 0.0888263
1548651851 0.08463282
1548651851 1.3298208
1548651851 0.08756839
1548651851 0.087095946
1548651851 0.08436456
1548651851 1.1546532
1548651851 0.09282026
1548651851 1.1619616
1548651851 0.09473415
1548651851 1.1043626
1548651852 0.09823594
1548651852 0.09910674
1548651852 0.094354995
1548651852 0.09572355
1548651852 0.097443454
1548651852 1.3013251
1548651852 0.09890626
1548651852 0.09971866
1548651852 0.0971666
1548651852 0.089385584
1548651852 0.08460596
1548651852 0.094404176
1548651852 0.09267225
1548651853 1.1700886
1548651853 0.09428271
1548651853 1.1093861
1548651853 0.0977206
1548651853 0.099050954
1548651853 1.0782886
1548651853 0.101888396
1548651853 0.10011658
1548651853 0.10200641
1548651853 0.10217289
1548651853 1.1575193
1548651853 0.10569524
1548651854 1.0467767
1548651854 0.10811965
1548651854 0.983447
1548651854 0.1125208
1548651854 0.107610986
1548651854 0.108459115
1548651854 0.73340034
1548651854 0.11552761
1548651854 0.11504259
1548651854 0.70761746
1548651854 0.11304795
1548651854 0.11619545
1548651854 0.589725
1548651854 0.1221199
1548651855 0.116136126
1548651855 0.11274954
1548651855 0.1105428
1548651855 0.10785904
1548651855 0.10457369
1548651855 0.1129665
1548651855 0.115518816
1548651855 0.11223103
1548651855 0.106796294
1548651855 0.52758235
1548651855 0.11192487
1548651855 0.11006069
1548651855 0.10524064
1548651856 0.10154867
1548651856 0.092712976
1548651856 0.09634534
1548651856 0.09846478
1548651856 0.1119026
1548651856 0.10039085
1548651856 0.09447603
1548651856 0.09697707
1548651856 -0.019806417
1548651856 0.09777815
1548651856 0.09439671
1548651856 0.09085455
1548651856 -0.13096265
1548651857 0.088711105
1548651857 0.079400025
1548651857 0.07661899
1548651857 0.06465127
1548651857 0.06411072
1548651857 -0.40516204
1548651857 0.06584969
1548651857 0.0770284
1548651857 0.06828931
1548651857 0.0647815
1548651857 0.062435973
1548651857 0.062055867
1548651857 0.06196473
1548651857 0.05884251
1548651858 0.052265737
1548651858 0.0392313
1548651858 0.038218014
1548651858 0.037102807
1548651858 0.028928928
1548651858 0.020552756
1548651858 0.012042854
1548651858 0.0075307703
1548651858 0.0005842669
1548651858 0.0030586247
1548651858 0.0066241613
1548651858 0.0070682173
1548651859 0.0019692453
1548651859 -0.0015961215
1548651859 -0.0062807263
1548651859 -0.01621557
1548651859 -0.02382325
1548651859 -0.022989169
1548651859 -0.028587667
1548651859 -0.028981611
1548651859 -0.02503307
1548651859 -0.034362637
1548651859 -0.039014056
1548651859 -0.03981018
1548651859 -0.04895158
1548651860 -0.05686721
1548651860 -0.059234135
1548651860 -0.07298015
1548651860 -0.08128227
1548651860 -0.086358696
1548651860 -0.08380547
1548651860 -0.08855456
1548651860 -0.08878141
1548651860 -0.09298529
1548651860 -0.09930828
1548651860 -0.10121377
1548651860 -0.10142632
1548651860 -0.10648459
1548651860 -0.11885068
1548651861 -0.1317878
1548651861 -0.14392461
1548651861 -0.14459032
1548651861 -0.1476727
1548651861 -0.1483201
1548651861 -0.16145343
1548651861 -0.17480221
1548651861 -0.18217348
1548651861 -0.19184794
1548651861 -0.19086322
1548651861 -0.2007269
1548651861 -0.20829646
1548651862 0.12611538
1548651862 0.12169748
1548651862 0.10100703
1548651862 0.27182278
1548651862 0.110147595
1548651862 0.10517222
1548651862 0.1016863
1548651862 0.11294646
1548651862 0.09946078
1548651862 0.11294031
1548651862 0.12802403
1548651862 0.11377712
1548651862 0.10713127
1548651862 0.10196276
1548651863 0.110377625
1548651863 0.10156181
1548651863 1.5743983
1548651863 0.110739514
1548651863 0.11076992
1548651863 0.11478549
1548651863 0.11600622
1548651863 0.120367296
1548651863 0.12868045
1548651863 0.13095026
1548651863 0.13308156
1548651863 0.13686484
1548651863 0.13992988
1548651864 0.13981527
1548651864 1.3510683
1548651864 0.15131101
1548651864 1.3862734
1548651864 0.15180214
1548651864 0.14818399
1548651864 0.14350699
1548651864 1.1276424
1548651864 1.1747247
1548651864 1.2165147
1548651864 1.2602175
1548651864 0.17248353
1548651864 1.176714
1548651865 0.1689046
1548651865 0.1665243
1548651865 0.16577452
1548651865 0.16715316
1548651865 0.16299683
1548651865 0.9398652
1548651865 0.17435795
1548651865 0.81853193
1548651865 0.17677435
1548651865 0.72129345
1548651865 0.69639546
1548651865 0.17858765
1548651865 0.17772128
1548651865 0.1764216
1548651866 0.50518256
1548651866 0.18584166
1548651866 0.17336735
1548651866 0.17351778
1548651866 0.16899857
1548651866 0.1606364
1548651866 0.15756531
1548651866 0.15756072
1548651866 0.15560256
1548651866 0.15722547
1548651866 0.15655074
1548651866 0.14891547
1548651866 0.06266352
1548651867 0.1425152
1548651867 0.14756747
1548651867 0.14565288
1548651867 0.1387903
1548651867 -0.17175724
1548651867 0.13889125
1548651867 -0.28837353
1548651867 0.13652958
1548651867 0.12599343
1548651867 0.12409733
1548651867 0.10944734
1548651867 0.105786614
1548651867 0.10019363
1548651868 0.09085791
1548651868 -0.62379915
1548651868 0.082852215
1548651868 0.077359915
1548651868 0.07007822
1548651868 0.06378541
1548651868 0.057389356
1548651868 0.048010785
1548651868 0.03088378
1548651868 0.015860507
1548651868 0.002865746
1548651868 -0.005580181
1548651868 -0.01739076
1548651869 -0.023428313
1548651869 -0.0374596
1548651869 -0.054087214
1548651869 -0.058786288
1548651869 -0.0784503
1548651869 -0.09545491
1548651869 -0.10814395
1548651869 -1.50212
1548651869 -0.11862409
1548651869 -0.11778431
1548651869 -0.13092563
1548651869 -0.15093581
1548651869 -0.15502256
1548651870 -0.1680395
1548651870 -0.17989722
1548651870 -0.19858193
1548651870 -0.2083706
1548651870 -0.21160951
1548651870 -0.22949351
1548651870 -0.23295633
1548651870 -1.9849073
1548651870 -0.2370663
1548651870 -0.24920096
1548651870 -0.26202315
1548651870 -0.27634847
1548651870 -0.2823335
1548651870 -0.3022419
1548651871 -0.30951408
1548651871 -0.3218269
1548651871 -0.33866334
1548651871 -2.1845613
1548651871 -0.34627825
1548651871 -0.5107452
1548651871 -0.59144986
1548651871 -0.6076839
1548651871 -0.6149337
1548651871 -0.0024199286
1548651871 -0.5478125
1548651871 -0.0025480182
1548651872 -0.004644137
1548651872 -0.4660287
1548651872 -0.004254658
1548651872 -0.0026919553
1548651872 -0.0034191173
1548651872 -0.51766056
1548651872 0.007999182
1548651872 0.004884986
1548651872 -0.4426298
1548651872 0.0010201107
1548651872 -0.0038165483
1548651872 -0.0043462534
1548651872 -0.43135357
1548651873 -0.0013200184
1548651873 -0.0077088126
1548651873 -0.012343458
1548651873 -0.4303916
1548651873 -0.008386361
1548651873 -0.012903473
1548651873 -0.017090153
1548651873 -0.02025348
1548651873 -0.45155516
1548651873 -0.015295652
1548651873 -0.021373121
1548651873 -0.44672966
1548651873 -0.023131376
1548651874 -0.022984602
1548651874 -0.02534901
1548651874 -0.5736374
1548651874 -0.024492228
1548651874 -0.020193296
1548651874 -0.6910551
1548651874 -0.66033214
1548651874 -0.009142278
1548651874 -0.013454666
1548651874 -0.0154325925
1548651874 -0.85084146
1548651874 -0.011667011
1548651874 -0.021589387
1548651875 -0.75454396
1548651875 -0.030207068
1548651875 -0.03982186
1548651875 -0.0339337
1548651875 -0.030741801
1548651875 -0.03677095
1548651875 -0.036975965
1548651875 -0.045389447
1548651875 -0.056122687
1548651875 -0.06725336
1548651875 -0.07418228
1548651875 -0.08395427
1548651875 -0.085302085
1548651876 -0.08682374
1548651876 -0.08767828
1548651876 -0.08585946
1548651876 -0.086874485
1548651876 -0.09535854
1548651876 -1.4352814
1548651876 -0.10074073
1548651876 -0.09995025
1548651876 -0.104074486
1548651876 -0.11479249
1548651876 -0.11949148
1548651876 -0.121211596
1548651876 -0.13056423
1548651877 -0.14357185
1548651877 -0.15400301
1548651877 -0.1653347
1548651877 -0.17185493
1548651877 -0.17174372
1548651877 -0.17630957
1548651877 -0.18233338
1548651877 -0.1844862
1548651877 -0.19135733
1548651877 -0.19503842
1548651877 0.10216045
1548651877 0.097263776
1548651878 0.09207268
1548651878 0.09374202
1548651878 0.087395065
1548651878 0.0830228
1548651878 0.08026639
1548651878 0.071940154
1548651878 0.07145775
1548651878 0.08140685
1548651878 0.074898764
1548651878 0.07066973
1548651878 -0.5514053
1548651878 0.069158696
1548651878 0.0736496
1548651879 0.07479977
1548651879 0.073734894
1548651879 0.07324007
1548651879 0.07243631
1548651879 0.0717108
1548651879 0.06656841
1548651879 0.07071976
1548651879 0.07280253
1548651879 0.06511157
1548651879 0.07068243
1548651879 0.07327026
1548651879 -0.5896555
1548651879 0.08011564
1548651879 -0.5367789
1548651880 0.07641899
1548651880 0.07332646
1548651880 0.06885844
1548651880 0.07004471
1548651880 -0.6143261
1548651880 0.076475665
1548651880 -0.7003495
1548651880 0.08128707
1548651880 -0.687498
1548651880 0.0741725
1548651880 0.06769661
1548651880 0.060035083
1548651881 0.051483214
1548651881 0.04093995
1548651881 0.026727088
1548651881 0.016942794
1548651881 0.003738311
1548651881 -0.004855393
1548651881 -0.00581655
1548651881 -0.005933103
1548651881 -0.016576802
1548651881 -0.026605053
1548651881 -0.026081476
1548651881 -0.02475052
1548651881 -0.024935907
1548651882 -0.034344696
1548651882 -0.03566512
1548651882 -0.0430064
1548651882 -0.043429416
1548651882 -0.053274814
1548651882 -0.06468795
1548651882 -0.07706716
1548651882 -0.08124199
1548651882 -0.093878254
1548651882 -0.10217469
1548651882 -0.11615206
1548651882 -0.12015269
1548651882 -0.12031114
1548651883 -0.12898108
1548651883 -0.13206743
1548651883 -0.14553195
1548651883 -0.1596273
1548651883 -0.171185
1548651883 -0.1755475
1548651883 -1.1296273
1548651883 -0.18836814
1548651883 -0.19015582
1548651883 -0.19859463
1548651883 -0.19937408
1548651883 -0.20429406
1548651883 -0.20719182
1548651884 -0.206132
1548651884 -0.20845854
1548651884 -0.21745953
1548651884 -0.2284341
1548651884 -0.23406415
1548651884 -0.24163428
1548651884 -0.24160856
1548651884 -0.24184819
1548651884 1.3817289
1548651884 1.4690222
1548651884 1.4807924
1548651884 1.4761411
1548651885 1.4560175
1548651885 1.4160763
1548651885 1.3623052
1548651885 0.09744125
1548651885 0.10072682
1548651885 1.3697721
1548651885 0.1054541
1548651885 0.103162184
1548651885 1.3781317
1548651885 0.10806652
1548651885 0.10521746
1548651885 1.3689468
1548651885 0.105858386
1548651886 1.3560526
1548651886 0.106657304
1548651886 1.3575735
1548651886 0.107396714
1548651886 0.10840975
1548651886 0.103908755
1548651886 0.1115764
1548651886 0.1072508
1548651886 0.10543681
1548651886 1.3928984
1548651886 1.3527788
1548651886 0.109603815
1548651886 0.1093309
1548651887 1.3408717
1548651887 0.11437762
1548651887 1.3039856
1548651887 0.120824695
1548651887 0.11529593
1548651887 1.2880158
1548651887 0.11981507
1548651887 1.2642883
1548651887 0.12413162
1548651887 0.12136566
1548651887 0.12399418
1548651887 1.4213529
1548651887 0.12824742
1548651888 0.12452142
1548651888 0.12148281
1548651888 1.3908031
1548651888 0.11778339
1548651888 0.10912507
1548651888 1.3710165
1548651888 0.11223905
1548651888 1.3615116
1548651888 0.10909755
1548651888 0.106991775
1548651888 0.109233566
1548651888 0.106294006
1548651889 0.1026533
1548651889 0.09953364
1548651889 1.3331273
1548651889 0.097261086
1548651889 0.09771001
1548651889 1.2730402
1548651889 1.2583461
1548651889 0.10461794
1548651889 1.2488135
1548651889 0.103648014
1548651889 0.10603145
1548651889 1.1999295
1548651890 0.10772838
1548651890 0.109432645
1548651890 0.109842874
1548651890 0.103175186
1548651890 0.11148517
1548651890 0.11306843
1548651890 0.10869048
1548651890 0.10708111
1548651890 0.110710695
1548651890 0.10728069
1548651890 1.0350858
1548651890 0.112075984
1548651890 1.0317109
1548651891 0.11444358
1548651891 0.9836522
1548651891 0.11854228
1548651891 0.97263837
1548651891 0.11735869
1548651891 0.98833483
1548651891 0.11471589
1548651891 0.9900978
1548651891 0.1111712
1548651891 0.9969778
1548651891 0.10954367
1548651891 0.10442654
1548651891 0.10134401
1548651892 0.099573374
1548651892 0.09506963
1548651892 0.0971506
1548651892 1.2091736
1548651892 0.08945131
1548651892 0.08562245
1548651892 1.2322389
1548651892 0.080866255
1548651892 0.07552273
1548651892 0.078161985
1548651892 0.07563844
1548651892 1.1693443
1548651893 0.08141751
1548651893 0.07393448
1548651893 1.1594605
1548651893 0.0759817
1548651893 0.065585874
1548651893 1.1573557
1548651893 0.06852317
1548651893 0.06934094
1548651893 1.1297119
1548651893 0.068447016
1548651893 0.0675892
1548651893 0.07523744
1548651894 0.0697579
1548651894 0.44860125
1548651894 0.07128297
1548651894 0.075598255
1548651894 0.075587094
1548651894 0.072214715
1548651894 0.65225965
1548651894 0.07759988
1548651894 0.072873965
1548651894 0.67120713
1548651894 0.07915671
1548651894 0.76198494
1548651894 0.08484216
1548651895 0.09400904
1548651895 0.08977684
1548651895 0.09601838
1548651895 0.9351135
1548651895 0.09546774
1548651895 0.10191648
1548651895 0.1054422
1548651895 0.10769621
1548651895 0.10996501
1548651895 0.5024629
1548651895 0.1118784
1548651895 0.11312623
1548651896 0.114312164
1548651896 0.43514472
1548651896 0.11912749
1548651896 0.38708374
1548651896 0.12790704
1548651896 0.3747143
1548651896 0.13598418
1548651896 0.13800256
1548651896 0.13757792
1548651896 0.13539034
1548651896 0.3611095
1548651896 0.14315605
1548651897 0.3432146
1548651897 0.1483675
1548651897 0.14976141
1548651897 0.27469322
1548651897 0.15976506
1548651897 0.1586498
1548651897 0.15363221
1548651897 0.15470764
1548651897 0.30602044
1548651897 0.15219687
1548651897 0.14784682
1548651897 0.15372616
1548651897 0.2276224
1548651898 0.15718941
1548651898 0.17180198
1548651898 0.16532077
1548651898 0.16242102
1548651898 0.16191779
1548651898 -0.0958279
1548651898 0.1803911
1548651898 -0.14982392
1548651898 0.18461873
1548651898 0.18138614
1548651898 -0.16160542
1548651898 0.18957308
1548651899 0.18306495
1548651899 -0.2034092
1548651899 0.19175315
1548651899 0.19671847
1548651899 0.19336863
1548651899 0.18695186
1548651899 0.1977026
1548651899 0.20163275
1548651899 0.19871394
1548651899 0.18811415
1548651899 0.18561447
1548651899 0.18619002
1548651899 0.19358265
1548651900 0.1883338
1548651900 0.20016196
1548651900 0.20423834
1548651900 0.19977033
1548651900 0.20195305
1548651900 -0.7882934
1548651900 0.20538196
1548651900 -0.86340714
1548651900 0.20905064
1548651900 -0.87520593
1548651900 0.20491031
1548651900 0.21107139
1548651901 0.20561339
1548651901 -0.9822668
1548651901 0.20393673
1548651901 -0.9986213
1548651901 0.19853279
1548651901 -1.1024752
1548651901 0.20361629
1548651901 -1.1234151
1548651901 0.19797872
1548651901 0.19968706
1548651901 0.19831288
1548651901 0.19563949
1548651901 -664.8804
1548651902 0.094645694
1548651902 0.089069426
1548651902 0.08984538
1548651902 0.08740935
1548651902 0.10120664
1548651902 0.09358497
1548651902 0.091169916
1548651902 0.08903256
1548651902 0.083444394
1548651902 -0.5562877
1548651902 -0.61171436
1548651903 0.10348982
1548651903 0.09923267
1548651903 0.0848467
1548651903 0.08482109
1548651903 0.0905116
1548651903 0.09318518
1548651903 0.08899032
1548651903 0.08911498
1548651903 0.08214866
1548651903 0.084111445
1548651903 0.08173886
1548651903 0.07717571
1548651904 0.08446729
1548651904 -0.37205443
1548651904 0.09546112
1548651904 0.10212291
1548651904 0.09480518
1548651904 0.08939895
1548651904 0.08834115
1548651904 0.079766974
1548651904 -0.03047285
1548651904 -0.054376125
1548651904 0.081686266
1548651904 0.08535411
1548651904 -0.16796987
1548651905 -0.1929277
1548651905 0.09492671
1548651905 0.09413828
1548651905 0.09520497
1548651905 0.091417275
1548651905 -0.18824075
1548651905 0.08389696
1548651905 0.08089376
1548651905 0.07122509
1548651905 0.07219298
1548651905 -0.23891526
1548651905 0.07375616
1548651906 0.07728587
1548651906 0.063984424
1548651906 -0.32315823
1548651906 0.0645246
1548651906 -0.33036253
1548651906 0.060123745
1548651906 0.05715284
1548651906 0.048118345
1548651906 0.040281214
1548651906 0.034358796
1548651906 0.031660758
1548651906 -0.3596877
1548651906 0.018090157
1548651907 0.021941148
1548651907 0.018025992
1548651907 0.012242874
1548651907 -0.5386897
1548651907 0.016907085
1548651907 0.007466348
1548651907 -0.0059514227
1548651907 -0.01983949
1548651907 -0.022448706
1548651907 -0.032282524
1548651907 -0.026203256
1548651907 -0.03168094
1548651908 -0.032100536
1548651908 -0.03465807
1548651908 -0.035426326
1548651908 -0.050470307
1548651908 -0.044156723
1548651908 -0.045912933
1548651908 -0.052759368
1548651908 -0.050508276
1548651908 -0.055708107
1548651908 -0.057902787
1548651908 -0.06595742
1548651909 -0.05809704
1548651909 -0.06555077
1548651909 -0.07543623
1548651909 -0.09105882
1548651909 -0.09590325
1548651909 -1.581338
1548651909 -0.096284315
1548651909 -0.10993241
1548651909 -0.12063351
1548651909 -0.1376333
1548651909 -0.14818068
1548651909 -0.14973222
1548651910 -0.16178812
1548651910 -0.17146263
1548651910 -1.7555372
1548651910 -0.16627955
1548651910 -1.7366201
1548651910 -0.17252535
1548651910 -0.17734905
1548651910 -0.18407239
1548651910 -0.19564623
1548651910 0.1784804
1548651910 0.17887607
1548651911 0.17444088
1548651911 0.15610917
1548651911 0.14377668
1548651911 0.13422143
1548651911 0.12258999
1548651911 0.107399896
1548651911 0.086711995
1548651911 0.08305568
1548651911 0.07790639
1548651911 0.07810931
1548651911 0.07009576
1548651911 0.060230456
1548651912 0.058343884
1548651912 0.049933705
1548651912 0.03717138
1548651912 0.030774204
1548651912 0.025758062
1548651912 0.021659419
1548651912 0.017371261
1548651912 0.014186314
1548651912 0.0075795087
1548651912 0.0042166007
1548651912 1.5161622
1548651913 0.00018035619
1548651913 -0.004557585
1548651913 1.3111113
1548651913 -0.013030944
1548651913 -0.021753872
1548651913 -0.030038184
1548651913 -0.034848534
1548651913 1.1414135
1548651913 -0.04173577
1548651913 1.065274
1548651913 -0.04878103
1548651913 -0.053254254
1548651914 0.8653335
1548651914 -0.06300281
1548651914 -0.07311872
1548651914 -0.08080653
1548651914 -0.09288503
1548651914 -0.09725946
1548651914 -0.11363294
1548651914 -0.11395579
1548651914 -0.11563266
1548651914 -0.12633802
1548651914 -0.13503633
1548651914 -0.1348931
1548651915 -0.141565
1548651915 -0.14213054
1548651915 -0.15386102
1548651915 -0.16334449
1548651915 -0.16952628
1548651915 -0.17215045
1548651915 -0.18154207
1548651915 -0.17846973
1548651915 -0.19357792
1548651915 -0.20790412
1548651915 -0.2183941
1548651916 -0.22561808
1548651916 -0.23491399
1548651916 -0.24338903
1548651916 -0.25025663
1548651916 -0.24994327
1548651916 -0.25335354
1548651916 -0.2589162
1548651916 -0.2626743
1548651916 -0.26801857
1548651916 -0.2692734
1548651916 -0.27018705
1548651916 -0.27393526
1548651917 -0.2774114
1548651917 -0.280455
1548651917 -0.28391573
1548651917 -0.28836703
1548651917 -0.29051328
1548651917 -0.29366285
1548651917 -0.29445088
1548651917 -0.2932407
1548651917 -0.29786468
1548651917 -0.2932252
1548651917 -0.29043362
1548651917 -0.2904611
1548651917 -0.2879891
1548651918 -0.2829114
1548651918 -0.2799543
1548651918 -0.27768618
1548651918 -0.27610976
1548651918 -0.27058432
1548651918 -0.27258915
1548651918 0.0025665255
1548651918 0.044155948
1548651918 -0.25414428
1548651918 -0.25191197
1548651918 0.10865017
1548651918 0.14606673
1548651919 0.18357305
1548651919 0.22305387
1548651919 0.26137745
1548651919 0.30053976
1548651919 -0.1865439
1548651919 0.32877064
1548651919 0.3636449
1548651919 -0.16801642
1548651919 0.3521851
1548651919 0.3837333
1548651919 0.4146739
1548651919 -0.13487148
1548651920 -0.12739076
1548651920 0.62603354
1548651920 -0.10862915
1548651920 0.6241753
1548651920 0.6506786
1548651920 0.67590517
1548651920 -0.06899547
1548651920 0.7329796
1548651920 0.75565434
1548651920 0.77728903
1548651920 0.797451
1548651920 0.8161617
1548651921 0.8333994
1548651921 -0.79573774
1548651921 0.013684036
1548651921 -0.9788493
1548651921 0.03303526
1548651921 -0.7391676
1548651921 -0.7341332
1548651921 -0.7283587
1548651921 0.062475394
1548651921 -0.77438325
1548651921 -0.76859385
1548651921 -0.7627069
1548651922 0.084346674
1548651922 -0.7544381
1548651922 -0.7510657
1548651922 0.10134271
1548651922 -0.7356733
1548651922 0.11120503
1548651922 -0.508371
1548651922 0.12483165
1548651922 0.12696514
1548651922 0.12995626
1548651922 -0.47200406
1548651922 -0.4779869
1548651922 -0.4843396
1548651923 -0.48625392
1548651923 0.15516284
1548651923 -0.4844834
1548651923 0.16061756
1548651923 0.16236927
1548651923 0.16533653
1548651923 0.16860746
1548651923 0.17511174
1548651923 0.24412838
1548651923 0.24578458
1548651923 0.23893523
1548651924 0.22852784
1548651924 0.21023731
1548651924 0.21178108
1548651924 0.20804602
1548651924 0.20383665
1548651924 0.20157014
1548651924 0.19146897
1548651924 0.1758485
1548651924 0.16387926
1548651924 -0.88722575
1548651924 0.17335773
1548651924 0.15772179
1548651925 0.15013042
1548651925 0.1398057
1548651925 0.12618874
1548651925 0.102139436
1548651925 0.08424192
1548651925 0.075750075
1548651925 0.07090526
1548651925 0.088181555
1548651925 0.0614397
1548651925 0.07713819
1548651925 0.06981482
1548651925 0.073811315
1548651926 0.05671738
1548651926 0.035022553
1548651926 0.034414224
1548651926 0.019353662
1548651926 0.009712218
1548651926 0.0070346324
1548651926 0.0048277816
1548651926 0.002278443
1548651926 0.0021089357
1548651926 -0.0020288872
1548651926 -0.006958692
1548651926 -0.0063952003
1548651927 -0.010026596
1548651927 -0.013063738
1548651927 0.8557859
1548651927 -0.01345863
1548651927 0.8588787
1548651927 -0.014207322
1548651927 -0.02048082
1548651927 0.88228756
1548651927 -0.015820852
1548651927 0.8574408
1548651927 0.8288743
1548651927 -0.009691031
1548651927 0.8195435
1548651928 -0.008868365
1548651928 0.807279
1548651928 -0.0076421415
1548651928 -0.0076073417
1548651928 -0.0022705528
1548651928 0.57286066
1548651928 0.5414945
1548651928 -0.003820408
1548651928 0.50904423
1548651928 -0.004033312
1548651928 -0.010516381
1548651929 0.6060525
1548651929 -0.013031228
1548651929 -0.0071504903
1548651929 -0.008402857
1548651929 -0.013845287
1548651929 0.3184714
1548651929 -0.017737934
1548651929 0.3331645
1548651929 0.30255505
1548651929 -0.018212873
1548651929 -0.021028655
1548651929 -0.019785449
1548651929 -0.020394735
1548651930 -0.02209236
1548651930 0.2164816
1548651930 -0.0248131
1548651930 -0.02436204
1548651930 -0.02686391
1548651930 0.16489294
1548651930 -0.033112966
1548651930 -0.038006533
1548651930 0.1034676
1548651930 -0.036383998
1548651930 0.03778148
1548651930 -0.037946433
1548651931 -0.04451068
1548651931 -0.049463086
1548651931 0.08823092
1548651931 -0.05848604
1548651931 -0.06509476
1548651931 -0.06308345
1548651931 0.044392135
1548651931 0.01860927
1548651931 -0.06762587
1548651931 0.0022256372
1548651931 -0.072168775
1548651931 -0.07338635
1548651932 -0.07269275
1548651932 -0.07113246
1548651932 -0.06952099
1548651932 -0.07461564
1548651932 -0.07212845
1548651932 -0.06810753
1548651932 0.52458155
1548651932 0.49431404
1548651932 -0.055762935
1548651932 0.5042408
1548651932 0.47383225
1548651933 -0.04988871
1548651933 0.39944968
1548651933 -0.043238413
1548651933 -0.04246147
1548651933 0.3736828
1548651933 0.33107033
1548651933 0.29321432
1548651933 -0.03177683
1548651933 -0.028015869
1548651933 -0.029738199
1548651933 0.22016695
1548651933 -0.024225773
1548651934 0.16292347
1548651934 0.11640868
1548651934 -0.017309729
1548651934 0.15903632
1548651934 -0.01739987
1548651934 0.08714735
1548651934 0.04272326
1548651934 -0.009578389
1548651934 -0.010831714
1548651934 0.02523014
1548651934 -0.022764206
1548651934 -0.0036276341
1548651935 -0.0036943757
1548651935 -0.3014354
1548651935 0.0064309766
1548651935 -0.3265652
1548651935 -0.3693096
1548651935 0.011099337
1548651935 -0.30579597
1548651935 0.0050943056
1548651935 -0.299543
1548651935 -0.34287208
1548651935 -0.37920552
1548651935 0.013198299
1548651936 0.0056635053
1548651936 -0.342488
1548651936 -0.37953177
1548651936 0.015001207
1548651936 -0.38381517
1548651936 -0.41920266
1548651936 0.020264411
1548651936 -0.48325473
1548651936 -0.5200623
1548651936 -0.5508423
1548651936 0.03227082
1548651937 -0.60349786
1548651937 -0.63853884
1548651937 -0.67112064
1548651937 -0.69577557
1548651937 0.043461565
1548651937 -0.6553247
1548651937 -0.68134
1548651937 0.041647527
1548651937 -0.74939847
1548651937 -0.7745149
1548651937 -0.79183006
1548651937 0.051631268
1548651938 -0.7409587
1548651938 0.0467647
1548651938 -0.8236503
1548651938 0.05328204
1548651938 -0.8261446
1548651938 0.05437141
1548651938 -0.8043289
1548651938 -0.8198696
1548651938 -0.8324651
1548651938 0.056893975
1548651938 -0.8789259
1548651938 -0.89070857
1548651939 -0.9004794
1548651939 -0.9087529
1548651939 0.0644239
1548651939 -0.009623499
1548651939 -0.01865755
1548651939 -0.03009961
1548651939 -0.04200969
1548651939 -0.056051847
1548651939 -0.05907322
1548651939 -0.30143684
1548651939 -0.065415844
1548651940 -0.31616297
1548651940 -0.07819682
1548651940 -0.07727721
1548651940 -0.087037
1548651940 -0.091653675
1548651940 -0.10196374
1548651940 -0.103994824
1548651940 -0.11497182
1548651940 -0.11479913
1548651940 -0.12202294
1548651940 -0.13175032
1548651941 -0.1508869
1548651941 -0.16360907
1548651941 -0.17255722
1548651941 -0.17587091
1548651941 -0.18856037
1548651941 -0.20378298
1548651941 -0.21601263
1548651941 -0.2273822
1548651941 -0.23314287
1548651941 -0.24032009
1548651941 -0.24952999
1548651942 -0.2536698
1548651942 -0.2617071
1548651942 -0.85188055
1548651942 -0.27219245
1548651942 -0.2785032
1548651942 -0.2828626
1548651942 -0.28730854
1548651942 -0.29331285
1548651942 -0.29705378
1548651942 -0.30054843
1548651942 -0.3034082
1548651942 -0.30463177
1548651943 -0.3033672
1548651943 -0.3052642
1548651943 -0.54098517
1548651943 -0.30377617
1548651943 -0.30627853
1548651943 -0.3042061
1548651943 -0.3072269
1548651943 -0.30379435
1548651943 -0.30399597
1548651943 -0.30579343
1548651943 -0.3091706
1548651944 -0.30362254
1548651944 -0.30216223
1548651944 -0.29597056
1548651944 -0.29091462
1548651944 -0.2909272
1548651944 -0.28776175
1548651944 -0.2897899
1548651944 -0.28245327
1548651944 -0.27861428
1548651944 -0.26645413
1548651944 0.30267754
1548651944 0.33608484
1548651945 -0.2344545
1548651945 0.35244316
1548651945 -0.2214259
1548651945 -0.21701054
1548651945 0.15028739
1548651945 -0.19206132
1548651945 0.036669068
1548651945 0.060705338
1548651945 0.08364321
1548651945 0.105615735
1548651946 0.12712115
1548651946 0.14770006
1548651946 0.16718152
1548651946 0.18563694
1548651946 0.20309645
1548651946 0.2195348
1548651946 0.23501125
1548651946 0.24945658
1548651946 0.2630573
1548651946 -0.059776872
1548651946 0.48176825
1548651946 0.49363407
1548651947 0.5046651
1548651947 -0.80052596
1548651947 -1.3907455
1548651947 -1.382652
1548651947 -1.376272
1548651947 -1.3704112
1548651947 -1.3651643
1548651947 -1.3603095
1548651947 -525.81244
1548651947 0.19012591
1548651948 0.18725675
1548651948 0.17771119
1548651948 0.16079323
1548651948 0.15030886
1548651948 0.12887287
1548651948 0.10253221
1548651948 0.0788283
1548651948 -0.74179125
1548651948 0.083052225
1548651948 0.068351075
1548651948 0.049440812
1548651948 0.042511176
1548651949 0.03785471
1548651949 0.018783161
1548651949 0.004387432
1548651949 -0.6721696
1548651949 0.0053748265
1548651949 -0.00045005223
1548651949 -0.018063873
1548651949 -0.03381364
1548651949 -0.058632378
1548651949 -0.080037676
1548651949 -0.0884457
1548651949 -0.42038164
1548651950 -0.107008
1548651950 -0.12597445
1548651950 -0.13153434
1548651950 -0.46092814
1548651950 -0.13551307
1548651950 -0.13826415
1548651950 -0.15193072
1548651950 -0.1543653
1548651950 -0.16109057
1548651950 -0.16814114
1548651950 -0.17295118
1548651951 -0.17209731
1548651951 -0.1725492
1548651951 -0.18000595
1548651951 -0.18257472
1548651951 -0.18614168
1548651951 -0.19288571
1548651951 -0.19740355
1548651951 -0.20247655
1548651951 -0.20948361
1548651951 -0.21484587
1548651951 -0.22347227
1548651951 -0.21976112
1548651952 -0.23113617
1548651952 -0.23614572
1548651952 -0.24523942
1548651952 -0.25711647
1548651952 -0.26439816
1548651952 -0.27373528
1548651952 -0.28422618
1548651952 -0.29655138
1548651952 -0.30240974
1548651952 -0.29923877
1548651952 -0.2986742
1548651953 -0.30840528
1548651953 -0.30613244
1548651953 -0.3125097
1548651953 -0.30692354
1548651953 -0.30962467
1548651953 -0.30244422
1548651953 -0.29244992
1548651953 -0.2947736
1548651953 -0.29415378
1548651953 -0.2847844
1548651953 -0.2833133
1548651954 -0.27523574
1548651954 -0.26559928
1548651954 -0.25854528
1548651954 -0.24750483
1548651954 -0.23212759
1548651954 -0.228579
1548651954 -0.20879637
1548651954 -0.19993144
1548651954 1.6844784
1548651954 1.6997796
1548651954 -2.283074
1548651954 -2.7938542
1548651955 -2.7819917
1548651955 -2.7710774
1548651955 -2.7610404
1548651955 -2.7518735
1548651955 -2.743483
1548651955 -2.73585
1548651955 -2.7289028
1548651955 -2.722923
1548651955 -2.717509
1548651955 -2.7144375
1548651955 -2.7122846
1548651956 -2.7104862
1548651956 -2.7089753
1548651956 -2.7074459
1548651956 -2.7084703
1548651956 -2.7146795
1548651956 -2.7202923
1548651956 -2.7223117
1548651956 -2.722926
1548651956 -2.723507
1548651956 -2.7240644
1548651956 -446.65765
1548651957 1.5210702
1548651957 1.671332
1548651957 1.7379616
1548651957 1.7986315
1548651957 1.8589618
1548651957 1.9187635
1548651957 1.9844238
1548651957 0.017887536
1548651957 2.046578
1548651957 0.021643585
1548651957 1.9828631
1548651958 0.01826259
1548651958 0.017466221
1548651958 1.9302546
1548651958 0.0173823
1548651958 0.015902497
1548651958 1.8360248
1548651958 0.016162477
1548651958 1.8385547
1548651958 0.018230332
1548651958 0.019602215
1548651958 1.7694772
1548651958 0.019401245
1548651959 1.8325498
1548651959 0.024472652
1548651959 0.026245173
1548651959 0.02544217
1548651959 0.020455202
1548651959 1.9616077
1548651959 0.02930816
1548651959 1.8941041
1548651959 0.027801728
1548651959 1.9038101
1548651959 0.02978589
1548651959 2.0346057
1548651960 0.034871757
1548651960 2.062597
1548651960 0.036012232
1548651960 0.035689283
1548651960 2.1176493
1548651960 0.03825499
1548651960 0.033632584
1548651960 0.033167627
1548651960 1.850596
1548651960 0.033801254
1548651960 0.033967584
1548651961 0.03770932
1548651961 0.034692496
1548651961 2.086624
1548651961 0.036303096
1548651961 2.0585892
1548651961 0.032712474
1548651961 2.0310462
1548651961 0.02757932
1548651961 1.5834877
1548651961 0.024026357
1548651961 0.020983102
1548651961 0.020588005
1548651962 1.607943
1548651962 0.017759668
1548651962 0.013394336
1548651962 0.014166673
1548651962 0.0111889625
1548651962 0.011345539
1548651962 0.006133687
1548651962 0.005559133
1548651962 0.004938524
1548651962 0.004573894
1548651962 1.5242419
1548651963 0.0026443985
1548651963 1.5348123
1548651963 0.004068471
1548651963 -0.00081264955
1548651963 1.6002438
1548651963 -0.000942282
1548651963 0.00020607558
1548651963 -7.632374e-05
1548651963 0.0052429773
1548651963 0.0050550564
1548651963 0.0005051046
1548651964 1.2798123
1548651964 -0.007398119
1548651964 -0.009867079
1548651964 -0.015697202
1548651964 -0.019600114
1548651964 -0.019814547
1548651964 -0.02273751
1548651964 -0.024090739
1548651964 1.3666761
1548651964 1.4403167
1548651964 -0.018076103
1548651965 -0.017731147
1548651965 -0.019072594
1548651965 1.5743861
1548651965 1.6558847
1548651965 -0.012556115
1548651965 -0.010813551
1548651965 -0.013458184
1548651965 -0.0137805175
1548651965 1.6509987
1548651965 -0.010508104
1548651965 1.6403581
1548651966 -0.0052870684
1548651966 1.3756949
1548651966 -0.0016371219
1548651966 0.0009057891
1548651966 0.0007266251
1548651966 0.8768969
1548651966 0.0071197725
1548651966 0.007848473
1548651966 0.010200234
1548651966 0.015285738
1548651966 0.74504936
1548651966 0.026147379
1548651967 0.8192792
1548651967 0.03623554
1548651967 0.85322034
1548651967 0.045937613
1548651967 0.04995916
1548651967 0.05344382
1548651967 0.8942039
1548651967 0.9686195
1548651967 0.06746527
1548651967 0.07168845
1548651967 1.033805
1548651968 0.07941969
1548651968 0.085418396
1548651968 1.0004854
1548651968 0.0885849
1548651968 0.088679545
1548651968 0.9104082
1548651968 0.0957903
1548651968 0.098651044
1548651968 0.88147116
1548651968 0.9593902
1548651968 0.10700869
1548651969 0.9115019
1548651969 0.11119793
1548651969 0.941975
1548651969 0.11003242
1548651969 0.8929
1548651969 0.11416774
1548651969 0.94118416
1548651969 0.11651164
1548651969 0.118408956
1548651969 0.121298425
1548651969 0.12397527
1548651970 0.12546663
1548651970 0.69474477
1548651970 0.12466652
1548651970 0.589101
1548651970 0.6634108
1548651970 0.13606359
1548651970 0.6353188
1548651970 0.13554125
1548651970 0.1374943
1548651970 0.43770707
1548651970 0.5086647
1548651970 0.14832282
1548651971 0.149627
1548651971 0.38350442
1548651971 0.15613493
1548651971 0.15713282
1548651971 0.15569326
1548651971 0.15774073
1548651971 0.2980957
1548651971 0.16104564
1548651971 0.1651125
1548651971 0.14578778
1548651971 0.17548123
1548651972 0.17680581
1548651972 0.065659955
1548651972 0.18577582
1548651972 0.18962201
1548651972 0.18938586
1548651972 0.008209459
1548651972 0.19133711
1548651972 0.19391027
1548651972 0.19495216
1548651972 -0.1510295
1548651972 0.20264512
1548651973 0.20210624
1548651973 0.19938107
1548651973 0.20998928
1548651973 0.20542294
1548651973 0.20361769
1548651973 0.20572105
1548651973 -0.59706104
1548651973 0.20598197
1548651973 0.19355474
1548651973 -0.7506059
1548651973 0.1890506
1548651973 -0.81984663
1548651974 0.19511347
1548651974 0.19456097
1548651974 -1.0418407
1548651974 0.19403613
1548651974 0.18818866
1548651974 0.17939363
1548651974 0.16902989
1548651974 0.16960952
1548651974 0.16170135
1548651974 0.15994987
1548651974 0.15433688
1548651975 0.14504163
1548651975 -1.6751891
1548651975 0.14434883
1548651975 0.13636918
1548651975 0.1357944
1548651975 -1.893241
1548651975 0.13299462
1548651975 0.14941777
1548651975 0.14696808
1548651975 0.14304149
1548651975 -2.4397733
1548651976 0.14505425
1548651976 0.13590224
1548651976 -2.5977583
1548651976 0.13266905
1548651976 0.11620884
1548651976 0.11000722
1548651976 0.099579826
1548651976 0.09221988
1548651976 0.08576761
1548651976 0.08361956
1548651976 0.08401331
1548651976 0.07443602
1548651977 0.07441699
1548651977 0.06969929
1548651977 0.064276405
1548651977 0.046416085
1548651977 0.03434744
1548651977 0.05284598
1548651977 0.052909695
1548651977 0.06681357
1548651977 0.046443295
1548651977 0.02019013
1548651977 0.0007181314
1548651978 -0.01831772
1548651978 1.375143
1548651978 1.484045
1548651978 1.516025
1548651978 1.5354705
1548651978 1.5444326
1548651978 1.5401652
1548651978 1.5186659
1548651978 1.4747437
1548651978 1.4017264
1548651979 1.3004596
1548651979 0.0704064
1548651979 0.06374622
1548651979 0.06552011
1548651979 0.06518453
1548651979 1.643547
1548651979 0.06342897
1548651979 0.061901372
1548651979 1.5945431
1548651979 0.065976314
1548651979 0.067201845
1548651979 1.6391379
1548651980 0.06725629
1548651980 1.6592106
1548651980 0.071210325
1548651980 1.7017703
1548651980 0.077636786
1548651980 0.07654271
1548651980 1.62246
1548651980 0.08146814
1548651980 1.6124818
1548651980 0.07607165
1548651980 1.6116474
1548651981 0.07589913
1548651981 0.06934776
1548651981 0.071784906
1548651981 1.793693
1548651981 0.07650028
1548651981 0.07922921
1548651981 0.07431468
1548651981 1.778336
1548651981 0.07543116
1548651981 1.7751437
1548651981 0.07699399
1548651981 0.07474714
1548651982 0.076433696
1548651982 0.06885614
1548651982 1.5060587
1548651982 0.08134955
1548651982 0.076865874
1548651982 0.07905684
1548651982 0.08676455
1548651982 0.07946394
1548651982 1.3637562
1548651982 0.07418775
1548651982 1.3673844
1548651983 0.0691733
1548651983 0.064610206
1548651983 1.4007004
1548651983 1.3439251
1548651983 1.2676414
1548651983 0.06590495
1548651983 0.06412462
1548651983 0.064683974
1548651983 0.059147555
1548651983 0.059320293
1548651983 0.058848448
1548651984 1.3683152
1548651984 0.0593293
1548651984 0.06637234
1548651984 0.06173545
1548651984 0.0688971
1548651984 0.060429785
1548651984 0.94329315
1548651984 0.067783885
1548651984 0.067675985
1548651984 0.9726996
1548651984 0.065812536
1548651984 0.96514714
1548651985 0.06712865
1548651985 0.06961034
1548651985 0.068087436
1548651985 0.07123656
1548651985 0.06658359
1548651985 0.9879633
1548651985 0.9532474
1548651985 0.0708692
1548651985 0.961344
1548651985 0.06944559
1548651985 0.96896845
1548651986 0.06786345
1548651986 0.069577314
1548651986 0.93339336
1548651986 0.9051808
1548651986 0.079072624
1548651986 0.07990825
1548651986 0.08249083
1548651986 0.08465553
1548651986 0.0781392
1548651986 0.07941504
1548651986 1.07341
1548651987 0.07837795
1548651987 1.0527985
1548651987 0.079742685
1548651987 1.065169
1548651987 1.0487225
1548651987 0.080457434
1548651987 0.078776255
1548651987 1.00897
1548651987 0.08295287
1548651987 1.0028155
1548651987 0.08270308
1548651988 0.082190916
1548651988 0.09083551
1548651988 0.692215
1548651988 0.099025615
1548651988 0.09716891
1548651988 0.09800921
1548651988 0.6959908
1548651988 0.09481369
1548651988 0.6602229
1548651988 0.64526093
1548651988 0.10391329
1548651988 0.60717034
1548651989 0.10988934
1548651989 0.5672206
1548651989 0.114451155
1548651989 0.5308671
1548651989 0.12024992
1548651989 0.123353615
1548651989 0.124301836
1548651989 0.4264636
1548651989 0.13227467
1548651989 0.41088256
1548651989 0.13015364
1548651990 0.36208797
1548651990 0.13669243
1548651990 0.31247982
1548651990 0.1426697
1548651990 0.14227693
1548651990 0.28433898
1548651990 0.14273748
1548651990 0.13577296
1548651990 0.23679633
1548651990 0.13913086
1548651990 0.17224748
1548651991 0.14080693
1548651991 0.14561673
1548651991 0.13016875
1548651991 0.15011665
1548651991 0.14627932
1548651991 0.043737423
1548651991 0.13990708
1548651991 0.030586548
1548651991 0.13464765
1548651991 0.027680771
1548651991 0.13013475
1548651992 0.035258118
1548651992 0.123033926
1548651992 0.12441041
1548651992 0.13930777
1548651992 0.1398695
1548651992 0.13131051
1548651992 -0.07284787
1548651992 0.122703105
1548651992 -0.15308353
1548651992 0.13118578
1548651992 0.13216102
1548651993 0.12667085
1548651993 0.12519066
1548651993 0.12206894
1548651993 0.1104285
1548651993 0.09239262
1548651993 0.096633494
1548651993 0.09380505
1548651993 -0.3082987
1548651993 0.08962032
1548651993 0.080132626
1548651993 0.06813537
1548651994 0.066738725
1548651994 0.068272285
1548651994 0.06622123
1548651994 0.056694638
1548651994 -0.46541828
1548651994 0.043596555
1548651994 0.047491893
1548651994 0.04570165
1548651994 0.035499346
1548651994 0.035348766
1548651994 0.031395677
1548651995 0.028061416
1548651995 0.017700654
1548651995 0.015376964
1548651995 0.007034089
1548651995 -0.004462562
1548651995 -0.017319577
1548651995 -0.025645558
1548651995 -0.03486698
1548651995 -0.041179337
1548651995 -0.051667467
1548651996 -0.054608893
1548651996 -0.0641935
1548651996 -0.06647184
1548651996 -0.07419779
1548651996 0.07118134
1548651996 0.054854948
1548651996 0.051597647
1548651996 0.0558649
1548651996 0.050318062
1548651996 0.0512219
1548651997 0.057309125
1548651997 0.05033889
1548651997 -0.27460995
1548651997 0.047088716
1548651997 -0.20231743
1548651997 0.044881094
1548651997 -0.15428871
1548651997 0.04392209
1548651997 -0.068455525
1548651997 0.03963327
1548651997 0.037617054
1548651998 0.038175642
1548651998 0.14569531
1548651998 0.040475223
1548651998 0.04113769
1548651998 0.044337545
1548651998 0.1472277
1548651998 0.04113053
1548651998 0.2434696
1548651998 0.035574365
1548651998 0.19308034
1548651998 0.037878215
1548651999 0.035087984
1548651999 0.026469791
1548651999 0.25956622
1548651999 0.032354195
1548651999 0.036223557
1548651999 0.03699255
1548651999 0.033299867
1548651999 0.027646082
1548651999 0.031841055
1548651999 0.405028
1548651999 0.03027792
1548652000 0.3693741
1548652000 0.032773472
1548652000 0.3544324
1548652000 0.0341397
1548652000 0.29798728
1548652000 0.26098034
1548652000 0.046487346
1548652000 0.038554706
1548652000 0.03642045
1548652000 0.03768946
1548652000 0.37184024
1548652001 0.032554
1548652001 0.3251489
1548652001 0.03761066
1548652001 0.04070391
1548652001 0.26937252
1548652001 0.044712525
1548652001 0.043590438
1548652001 0.24989597
1548652001 0.20136169
1548652001 0.15110804
1548652001 0.10984045
1548652002 0.0761966
1548652002 0.069991596
1548652002 0.123537056
1548652002 0.07687836
1548652002 0.08345342
1548652002 0.046128497
1548652002 0.0016894408
1548652002 0.08975305
1548652002 0.085725024
1548652002 0.08678682
1548652003 0.08270368
1548652003 0.039166566
1548652003 0.0882713
1548652003 0.08199765
1548652003 0.03891308
1548652003 -0.0004766232
1548652003 0.09286426
1548652003 0.09567158
1548652003 -0.022486104
1548652003 0.095786825
1548652003 0.08670259
1548652004 0.084132
1548652004 0.06403884
1548652004 0.085237205
1548652004 0.07896643
1548652004 0.029519385
1548652004 0.08900185
1548652004 0.08779148
1548652004 0.09295567
1548652004 -0.31387278
1548652004 0.105655454
1548652004 -0.3621301
1548652005 0.1121468
1548652005 -0.34004146
1548652005 -0.37241516
1548652005 0.114402875
1548652005 0.11263416
1548652005 -0.33591422
1548652005 0.107656874
1548652005 -0.31546313
1548652005 0.103438005
1548652005 0.09996048
1548652005 -0.32543823
1548652006 0.10445529
1548652006 0.10942167
1548652006 0.100510255
1548652006 0.108943924
1548652006 0.10291173
1548652006 -0.60795146
1548652006 0.10367653
1548652006 -0.5869758
1548652006 0.0990604
1548652006 -0.60213464
1548652006 0.09632635
1548652007 -0.6325093
1548652007 0.09519956
1548652007 0.08808682
1548652007 0.086570434
1548652007 -0.6304085
1548652007 0.07824961
1548652007 -0.7031667
1548652007 0.085975036
1548652007 0.08997835
1548652007 0.0915546
1548652007 0.08947157
1548652008 0.07381452
1548652008 0.07771371
1548652008 0.0706617
1548652008 0.06038385
1548652008 0.05479362
1548652008 0.039888296
1548652008 0.032598387
1548652008 0.01871207
1548652008 -0.72446644
1548652008 0.022442868
1548652009 0.025220653
1548652009 0.027476648
1548652009 -0.9456628
1548652009 0.027131513
1548652009 0.019865787
1548652009 0.00946451
1548652009 -0.0021340663
1548652009 -0.00052843976
1548652009 -0.004873028
1548652009 -0.013852492
1548652009 -0.027540347
1548652010 -0.3443346
1548652010 -0.4525031
1548652010 -0.5007603
1548652010 -0.55142456
1548652010 0.024908079
1548652010 -0.6682335
1548652010 -0.72319824
1548652010 -0.75941324
1548652010 0.04975121
1548652010 0.05176739
1548652010 0.059221305
1548652011 -0.7704568
1548652011 0.05864742
1548652011 -0.7636082
1548652011 0.06159852
1548652011 -0.8007004
1548652011 0.06746054
1548652011 -0.7295039
1548652011 0.0649745
1548652011 -0.64414185
1548652011 0.06062829
1548652012 -0.65850973
1548652012 0.06631401
1548652012 0.059575375
1548652012 -0.61011446
1548652012 -0.6662723
1548652012 0.07509614
1548652012 0.07175201
1548652012 -0.6275728
1548652012 0.06959504
1548652012 0.065875165
1548652012 -0.6417847
1548652013 0.06574781
1548652013 0.057899084
1548652013 -0.6246772
1548652013 0.051180203
1548652013 -0.7022072
1548652013 -0.70957386
1548652013 0.057402227
1548652013 0.058862723
1548652013 -0.8354048
1548652013 0.06595034
1548652013 0.053277083
1548652014 0.0444463
1548652014 -0.8739641
1548652014 0.04454476
1548652014 -0.93447363
1548652014 0.04534831
1548652014 0.047928505
1548652014 -1.045218
1548652014 0.04867902
1548652014 0.037365608
1548652014 0.031630155
1548652014 0.033653773
1548652015 0.035865746
1548652015 0.023357164
1548652015 0.02468071
1548652015 0.015319235
1548652015 0.010789146
1548652015 -0.00432759
1548652015 -0.0026934303
1548652015 -0.0042502247
1548652015 -0.025059873
1548652015 -0.035719212
1548652016 -0.048734587
1548652016 -0.057298604
1548652016 -0.058805693
1548652016 -0.07134064
1548652016 -0.080678985
1548652016 -0.095959716
1548652016 -0.10832187
1548652016 -0.13150741
1548652016 -0.14131658
1548652016 -0.15425983
1548652016 -0.16558105
1548652017 -0.16944382
1548652017 -0.17674448
1548652017 -0.19027884
1548652017 -0.19127892
1548652017 -0.20456906
1548652017 -0.2120365
1548652017 -0.21554467
1548652017 -0.22163194
1548652017 -0.23474061
1548652017 -0.23574658
1548652017 -0.2521259
1548652018 -0.27022058
1548652018 -0.28874537
1548652018 -0.30307487
1548652018 -0.31179512
1548652018 -0.016167607
1548652018 -0.0346304
1548652018 -0.044095114
1548652018 -0.0543709
1548652018 -0.056317132
1548652018 -0.06675018
1548652019 -0.17457262
1548652019 -0.07851645
1548652019 -0.08823478
1548652019 -0.14455336
1548652019 -0.095177814
1548652019 -0.10130044
1548652019 -0.113267966
1548652019 -0.21201086
1548652019 -0.1167881
1548652019 -0.22500683
1548652019 -0.12318945
1548652020 -0.1322668
1548652020 -0.14318104
1548652020 -0.14101951
1548652020 -0.15331821
1548652020 -0.0127782645
1548652020 -0.15714806
1548652020 -0.15235752
1548652020 -0.15785532
1548652020 -0.22487652
1548652020 -0.16258933
1548652021 -0.17074409
1548652021 -0.18370125
1548652021 -0.27724987
1548652021 -0.25940835
1548652021 -0.18556091
1548652021 -0.18517314
1548652021 -0.30245715
1548652021 -0.19435269
1548652021 -0.20167874
1548652021 -0.20541842
1548652021 -0.38302225
1548652022 -0.2092656
1548652022 -0.40191677
1548652022 -0.20947449
1548652022 -0.43549305
1548652022 -0.21206245
1548652022 -0.49710473
1548652022 -0.20808685
1548652022 -0.21303539
1548652022 -0.5490904
1548652022 -0.22277264
1548652023 -0.22651151
1548652023 -0.2333491
1548652023 -0.23475257
1548652023 -0.24190277
1548652023 -0.6749751
1548652023 -0.24798127
1548652023 -0.69401586
1548652023 -0.24738425
1548652023 -0.25500703
1548652023 -0.25654033
1548652023 -0.7978515
1548652024 -0.26089945
1548652024 -0.8672021
1548652024 -0.85320634
1548652024 -0.2640024
1548652024 -1.0500853
1548652024 -0.2594807
1548652024 -0.27219608
1548652024 -0.28479177
1548652024 -0.2966381
1548652024 -0.29467633
1548652024 -0.29124933
1548652025 -0.2988738
1548652025 -0.30558264
1548652025 -0.5038042
1548652025 -0.2972748
1548652025 -0.29800472
1548652025 -0.4727616
1548652025 -0.2958359
1548652025 -0.5452116
1548652025 -0.5308133
1548652025 -0.51754946
1548652026 -0.505472
1548652026 -0.49449435
1548652026 -0.48377207
1548652026 -0.2746735
1548652026 -0.5256508
1548652026 -0.5170769
1548652026 -0.5095829
1548652026 -0.50267076
1548652026 -0.49553683
1548652026 -0.25611863
1548652026 -0.4802485
1548652027 -0.4747238
1548652027 -0.46927062
1548652027 -0.24668859
1548652027 -0.47211218
1548652027 -0.46869567
1548652027 -0.46561047
1548652027 -0.23289284
1548652027 -0.46222246
1548652027 -0.45981565
1548652027 -0.22634244
1548652027 -0.22381829
1548652028 0.07246732
1548652028 0.06440408
1548652028 0.044754904
1548652028 0.019527968
1548652028 0.0019777613
1548652028 -0.016997775
1548652028 -0.024783926
1548652028 -0.03612609
1548652028 -0.028682891
1548652028 -0.0526831
1548652029 -0.058607172
1548652029 -0.0760427
1548652029 -0.08306495
1548652029 -0.08928145
1548652029 -0.101197526
1548652029 -0.113467574
1548652029 -0.12856813
1548652029 -0.13854311
1548652029 -0.150823
1548652029 -0.46838632
1548652030 -0.16182809
1548652030 -0.5502993
1548652030 -0.16964471
1548652030 -0.60363483
1548652030 -0.18048538
1548652030 -0.18713066
1548652030 -0.20053667
1548652030 -0.20688924
1548652030 -0.21606745
1548652030 -0.22568841
1548652030 -0.23127869
1548652031 -0.24319848
1548652031 -0.25376227
1548652031 -0.26762965
1548652031 -0.2678187
1548652031 -0.27966216
1548652031 -0.27933636
1548652031 -0.27569592
1548652031 -0.28153792
1548652031 -0.28667626
1548652031 -0.28215122
1548652032 -0.28922498
1548652032 -0.28399876
1548652032 -0.2883497
1548652032 -0.28210834
1548652032 -0.28266197
1548652032 -0.27394775
1548652032 -0.2789319
1548652032 -0.26757833
1548652032 0.03397231
1548652032 0.052134212
1548652032 0.06849709
1548652033 0.082561746
1548652033 0.092705816
1548652033 0.100339435
1548652033 0.10613048
1548652033 0.11019342
1548652033 -0.20731677
1548652033 0.14041838
1548652033 0.14446576
1548652033 0.14677855
1548652033 0.14744835
1548652034 0.14832708
1548652034 -0.18488477
1548652034 0.10783439
1548652034 0.10600834
1548652034 0.10277627
1548652034 0.098056726
1548652034 0.092069
1548652034 0.08484295
1548652034 0.0765212
1548652034 0.0671842
1548652034 0.058013644
1548652035 -0.1311412
1548652035 -0.13219905
1548652035 0.08412937
1548652035 0.07454121
1548652035 0.06433594
1548652035 0.053681318
1548652035 0.04274709
1548652035 0.031557273
1548652035 0.019592455
1548652035 0.008466953
1548652036 -0.08375568
1548652036 -0.049196396
1548652036 -0.059367947
1548652036 -0.07129822
1548652036 -0.014974501
1548652036 -0.023793725
1548652036 -0.06459469
1548652036 -0.008438331
1548652036 -0.0151687
1548652036 -0.05550401
1548652036 0.0014248368
1548652037 -0.007734179
1548652037 -0.013700091
1548652037 -0.018925544
1548652037 -0.023492493
1548652037 -0.026769005
1548652037 -0.02924308
1548652037 -0.17974617
1548652037 -1.068222
1548652037 -1.0676918
1548652037 -1.0663487
1548652038 -1.063139
1548652038 -1.0543871
1548652038 -1.0448669
1548652038 -1.0346887
1548652038 -449.774
1548652038 -0.7881322
1548652038 -0.92594236
1548652038 -0.013603337
1548652038 -0.9660598
1548652038 -0.004061587
1548652039 -0.9339491
1548652039 -0.001189857
1548652039 0.0067837164
1548652039 0.014594441
1548652039 0.010101675
1548652039 -1.0126517
1548652039 -1.0171422
1548652039 0.02019602
1548652039 0.016629564
1548652039 0.013830674
1548652039 0.009780712
1548652040 -0.92209494
1548652040 0.022104595
1548652040 0.012881482
1548652040 0.014912764
1548652040 -0.8440722
1548652040 0.012608812
1548652040 -0.93227315
1548652040 -0.9367433
1548652040 0.03217694
1548652040 -0.9375983
1548652041 0.028720714
1548652041 0.017110422
1548652041 0.021187168
1548652041 -1.0103303
1548652041 0.022125756
1548652041 0.0122624505
1548652041 0.006247647
1548652041 -0.0019867243
1548652041 -0.0155819915
1548652041 -0.93017596
1548652041 -0.021149212
1548652042 -0.011291716
1548652042 -0.016777236
1548652042 -0.025569035
1548652042 -0.030668605
1548652042 -0.019041343
1548652042 -0.027725495
1548652042 -0.037069056
1548652042 -0.048250932
1548652042 -0.061779037
1548652042 -0.06974486
1548652043 -0.075810716
1548652043 -0.08349228
1548652043 -0.09739604
1548652043 -0.09550466
1548652043 -0.109121114
1548652043 -0.12104968
1548652043 -0.12168975
1548652043 -0.13142146
1548652043 -0.13121699
1548652043 -0.14075348
1548652043 -0.14195432
1548652044 -0.15620857
1548652044 -0.16848218
1548652044 -0.17306311
1548652044 -0.18312378
1548652044 -0.17673203
1548652044 -0.1825785
1548652044 -0.19822721
1548652044 -0.21622221
1548652044 -0.21562976
1548652044 -0.23450406
1548652045 -0.24539752
1548652045 -0.25526384
1548652045 -0.26367727
1548652045 -0.2707973
1548652045 -0.2819215
1548652045 -0.29458082
1548652045 -0.29822317
1548652045 -0.31088203
1548652045 0.22331865
1548652045 0.2115185
1548652046 0.20688562
1548652046 0.19700235
1548652046 0.19360934
1548652046 0.18901913
1548652046 0.1843933
1548652046 0.17621784
1548652046 0.15960777
1548652046 0.13324021
1548652046 0.12648028
1548652046 0.1068541
1548652047 0.08792608
1548652047 0.06398988
1548652047 0.05330477
1548652047 0.046006806
1548652047 0.026992818
1548652047 -0.94354033
1548652047 0.024938162
1548652047 -0.00045901528
1548652047 0.01654579
1548652047 -0.0068541877
1548652048 -0.014182627
1548652048 -0.029703442
1548652048 -0.03862424
1548652048 -0.044019956
1548652048 -0.061375476
1548652048 -0.09214834
1548652048 -0.111688256
1548652048 -0.12571117
1548652048 -0.13770285
1548652048 -0.1509968
1548652048 -0.16457383
1548652049 -0.1787691
1548652049 -0.1932848
1548652049 -0.19831501
1548652049 -0.19362314
1548652049 -0.21929143
1548652049 -0.22997743
1548652049 -0.24690527
1548652049 -0.266729
1548652049 -0.27279013
1548652050 -0.28027633
1548652050 -0.2973612
1548652050 -0.3097669
1548652050 -0.32141438
1548652050 -0.33124202
1548652050 -0.34892675
1548652050 -0.36621085
1548652050 -0.38456613
1548652050 -0.39185098
1548652050 -0.39518693
1548652051 -0.41012606
1548652051 -0.412663
1548652051 -0.40658602
1548652051 -0.40714452
1548652051 -0.4067561
1548652051 -0.42161968
1548652051 -0.4210297
1548652051 -0.4194457
1548652051 -0.41635954
1548652051 -0.42284527
1548652051 -0.41764164
1548652052 -0.41668466
1548652052 -0.42567664
1548652052 -0.42092776
1548652052 -0.4142738
1548652052 -0.41467637
1548652052 -0.409687
1548652052 -0.4016361
1548652052 -0.40062085
1548652052 -0.3919947
1548652053 -0.3824876
1548652053 -0.3686303
1548652053 -0.36651734
1548652053 -0.34912512
1548652053 -0.32976127
1548652053 1.5147728
1548652053 -0.29946804
1548652053 -0.28681684
1548652053 -0.27433112
1548652053 -0.26365677
1548652053 -0.2539781
1548652054 -0.24590574
1548652054 -0.23111485
1548652054 -0.21651576
1548652054 -0.23218812
1548652054 -0.23351003
1548652054 -0.2205931
1548652054 -0.20767371
1548652054 -0.19428754
1548652054 -0.18111633
1548652054 -0.5966777
1548652055 -0.15373366
1548652055 -0.14449178
1548652055 -0.12731947
1548652055 -0.10973054
1548652055 -0.095844954
1548652055 -0.095313564
1548652055 -0.1056119
1548652055 -0.120859884
1548652055 -0.13743636
1548652055 -0.15519148
1548652056 -0.1707389
1548652056 -0.18614964
1548652056 -0.2040052
1548652056 -0.21980312
1548652056 -0.23196921
1548652056 -0.2456153
1548652056 -0.26157367
1548652056 -0.27949393
1548652056 -0.6556001
1548652057 -0.7845236
1548652057 -0.8183061
1548652057 -0.85236317
1548652057 -0.8862032
1548652057 -0.9194042
1548652057 -0.95159495
1548652057 -0.96652895
1548652057 0.043002326
1548652057 0.050273407
1548652057 -1.1144961
1548652058 0.07034325
1548652058 -1.1260849
1548652058 0.083251104
1548652058 -1.1298678
1548652058 -1.1410465
1548652058 0.09662501
1548652058 -1.0905726
1548652058 0.09108047
1548652058 -1.0540646
1548652058 0.08875522
1548652058 0.08362055
1548652059 0.08275044
1548652059 0.07154589
1548652059 -0.8986828
1548652059 0.067023695
1548652059 -0.95362324
1548652059 0.07307991
1548652059 0.07240161
1548652059 0.07016975
1548652059 0.0693633
1548652059 0.058255866
1548652060 0.049462397
1548652060 0.046224892
1548652060 -0.9232909
1548652060 0.037967756
1548652060 -0.9519329
1548652060 0.031708814
1548652060 0.018008146
1548652060 -0.9564016
1548652060 0.011419483
1548652060 -1.0520706
1548652061 0.013907571
1548652061 0.008294362
1548652061 0.002348277
1548652061 -0.009855577
1548652061 -0.020001976
1548652061 -0.037033882
1548652061 -0.883751
1548652061 -0.04450493
1548652061 -0.061874766
1548652061 -0.0777733
1548652062 -0.08808718
1548652062 -0.08838607
1548652062 -0.10062456
1548652062 -0.103946224
1548652062 -0.10893857
1548652062 -0.11645837
1548652062 -0.109996505
1548652062 -0.12820102
1548652062 -0.13607664
1548652062 -0.14412756
1548652063 -0.14828254
1548652063 -0.16201983
1548652063 -0.17219497
1548652063 -0.18006751
1548652063 -0.19079144
1548652063 -0.19767621
1548652063 -0.19066778
1548652063 -0.19657074
1548652063 -0.20484234
1548652063 -0.2017034
1548652064 -0.2078115
1548652064 -0.212467
1548652064 -0.22109558
1548652064 -0.22477086
1548652064 -0.23310111
1548652064 -0.24358852
1548652064 -0.2524959
1548652064 -638.7619
1548652064 0.09491881
1548652064 0.07903074
1548652065 0.05212473
1548652065 0.03237049
1548652065 0.01826162
1548652065 -0.0029392752
1548652065 -0.012450885
1548652065 -0.036405478
1548652065 -0.04813478
1548652065 -0.04290762
1548652065 -0.053728744
1548652065 -0.06495973
1548652066 -0.09683791
1548652066 -0.09264917
1548652066 -0.11029058
1548652066 -0.10849352
1548652066 -0.12071228
1548652066 -1.2974173
1548652066 -0.14916314
1548652066 -0.17067908
1548652066 -0.17943329
1548652066 -0.20240803
1548652067 -0.21547726
1548652067 -0.23085658
1548652067 -0.24407738
1548652067 -0.26387432
1548652067 -0.2833073
1548652067 -0.30044937
1548652067 -0.31340557
1548652067 -0.3262849
1548652067 -0.32933238
1548652067 -0.33789262
1548652068 -0.34773996
1548652068 -0.35547873
1548652068 -0.36269808
1548652068 -0.3717684
1548652068 -0.37987402
1548652068 -0.385055
1548652068 -0.3947521
1548652068 -0.40500087
1548652068 -0.41428506
1548652069 -0.4182204
1548652069 -0.4207409
1548652069 -0.42216554
1548652069 -0.42002153
1548652069 -0.4162212
1548652069 -0.4111432
1548652069 -0.41440967
1548652069 -0.40835488
1548652069 -0.4010515
1548652069 -0.40215594
1548652070 -0.39709795
1548652070 -0.39040932
1548652070 -0.38130766
1548652070 -0.37589777
1548652070 -0.36411452
1548652070 -0.36400393
1548652070 -0.34913677
1548652070 -0.3321374
1548652070 -0.31298965
1548652070 -0.29231137
1548652071 -0.27671504
1548652071 -0.26220223
1548652071 -0.2492487
1548652071 -0.23725776
1548652071 -0.22638148
1548652071 -0.22096866
1548652071 -0.21193992
1548652071 -0.20165415
1548652071 -0.18971159
1548652071 -0.18028127
1548652072 -0.17123762
1548652072 -0.16319378
1548652072 -0.15307267
1548652072 -0.14087635
1548652072 -0.27333578
1548652072 -0.27429765
1548652072 -0.27571508
1548652072 -0.27652177
1548652072 -0.27560377
1548652072 -0.27498576
1548652073 -0.27473006
1548652073 -0.27567324
1548652073 -0.28094545
1548652073 -0.28844887
1548652073 -408.88928
