1548651783 -0.59745526
1548651783 -0.6170609
1548651783 -0.6412559
1548651783 -0.6748969
1548651783 -0.66719073
1548651783 -0.68036693
1548651783 -0.66784495
1548651783 -0.6746956
1548651783 -0.6884509
1548651783 -0.6986282
1548651783 -0.7161125
1548651783 -0.73774046
1548651783 -0.7560064
1548651784 -0.7565693
1548651784 -0.75124496
1548651784 -0.77506715
1548651784 -0.7983723
1548651784 -0.80300665
1548651784 -0.8085605
1548651784 0.14490595
1548651784 -0.8300434
1548651784 -0.8382239
1548651784 -0.8380846
1548651784 -0.8409273
1548651784 -0.8409758
1548651784 -0.84127307
1548651784 -0.84929025
1548651784 -0.86124283
1548651784 -0.85814875
1548651784 -0.8609524
1548651785 -0.8659118
1548651785 -0.8489999
1548651785 -0.8455721
1548651785 -0.85191876
1548651785 -0.85753864
1548651785 -0.86101663
1548651785 -0.8683333
1548651785 -0.8685482
1548651785 -0.8723681
1548651785 -0.8792127
1548651785 -0.88989156
1548651785 -0.89615166
1548651785 -0.8929523
1548651785 -0.60426605
1548651785 -0.89881533
1548651785 -0.9074139
1548651785 -0.9151562
1548651786 -0.9165811
1548651786 -0.92139804
1548651786 -0.92793274
1548651786 -0.9262155
1548651786 -0.932205
1548651786 -0.9369749
1548651786 -0.93905056
1548651786 -0.94223005
1548651786 -0.9438059
1548651786 -0.94784653
1548651786 -0.94466275
1548651786 -0.9434813
1548651786 -0.9444106
1548651786 -0.9456391
1548651786 -0.9446323
1548651786 -0.94409895
1548651786 -0.9420247
1548651787 -0.9430493
1548651787 -0.9453395
1548651787 -0.9429248
1548651787 -0.9422779
1548651787 -0.9448428
1548651787 -0.9457707
1548651787 -0.9489132
1548651787 -0.95149183
1548651787 -0.9497308
1548651787 -0.95092285
1548651787 -0.95058274
1548651787 -0.948358
1548651787 -0.9490504
1548651787 -0.94893706
1548651787 -0.94554573
1548651787 -0.94785327
1548651787 -0.948806
1548651788 -0.95059866
1548651788 -0.9545197
1548651788 -0.9538724
1548651788 -0.9505599
1548651788 -0.9506652
1548651788 -0.9527216
1548651788 -0.9558059
1548651788 -0.954423
1548651788 -0.95377845
1548651788 -0.9575158
1548651788 -0.9543335
1548651788 -0.9476927
1548651788 -0.9451422
1548651788 -0.94925344
1548651788 -0.94281054
1548651788 -0.9433356
1548651788 -0.93735474
1548651789 -0.9383023
1548651789 -2.102825
1548651789 -0.9432192
1548651789 -0.9443187
1548651789 -0.94618875
1548651789 -0.9484569
1548651789 -0.9495913
1548651789 -0.95008266
1548651789 -0.94309884
1548651789 -0.9463164
1548651789 -0.9458111
1548651789 -0.94621706
1548651789 -2.2784107
1548651789 -0.94690496
1548651789 -0.9441014
1548651789 -0.94419223
1548651790 -0.94508404
1548651790 -0.9461008
1548651790 -0.9505511
1548651790 -0.9516161
1548651790 -0.9492268
1548651790 -0.95265335
1548651790 -0.59583396
1548651790 -0.6189152
1548651790 -0.6055502
1548651790 -0.60610443
1548651790 -0.6460528
1548651790 -0.6592905
1548651790 -0.66722316
1548651790 -0.6652547
1548651790 -0.67147255
1548651791 -0.6852714
1548651791 -0.7025671
1548651791 -0.720767
1548651791 -0.7229923
1548651791 -0.7231467
1548651791 -0.72917336
1548651791 -0.71852595
1548651791 -0.7296229
1548651791 -0.7442206
1548651791 -0.7517379
1548651791 -0.7683186
1548651791 -0.7672356
1548651791 -0.77334094
1548651791 -0.76573825
1548651791 -0.77608365
1548651791 -0.78948253
1548651792 -0.7606258
1548651792 -0.77029103
1548651792 -0.78456914
1548651792 -0.7933929
1548651792 -0.80682176
1548651792 -0.8004063
1548651792 -0.7916385
1548651792 -0.8123999
1548651792 -0.82564855
1548651792 -0.8288026
1548651792 -0.8445256
1548651792 -0.8500497
1548651792 -0.86171573
1548651792 -0.85524046
1548651792 -0.8550016
1548651792 -0.86148244
1548651793 -0.8699325
1548651793 -0.88163924
1548651793 -0.886337
1548651793 -0.8889572
1548651793 -0.89977473
1548651793 -0.90442073
1548651793 -0.91105896
1548651793 -0.91111964
1548651793 -0.9059781
1548651793 -0.9116174
1548651793 -0.9188278
1548651793 -0.9224364
1548651793 -0.9233855
1548651793 -0.92528003
1548651793 -0.92988515
1548651793 -0.931582
1548651794 -0.93436116
1548651794 -0.93611556
1548651794 -0.93126243
1548651794 -0.93675584
1548651794 -0.92874444
1548651794 -0.9257953
1548651794 -0.9276956
1548651794 -0.92392045
1548651794 -0.92529035
1548651794 -0.91927457
1548651794 -0.9238582
1548651794 -0.928974
1548651794 -0.9282649
1548651794 -0.92904764
1548651794 -0.92420316
1548651794 -0.92680997
1548651795 -0.91971594
1548651795 -0.9206024
1548651795 -0.92316836
1548651795 -0.9219576
1548651795 -0.9192459
1548651795 -0.91529745
1548651795 -0.919711
1548651795 -0.9235231
1548651795 -0.9161879
1548651795 -0.90973616
1548651795 -0.91087246
1548651795 -0.6493795
1548651795 -0.64217037
1548651795 -0.6466831
1548651795 -0.65726614
1548651795 -0.6488343
1548651796 -0.65968716
1548651796 -0.66713154
1548651796 -0.6524439
1548651796 -0.65844536
1548651796 -0.6769156
1548651796 -0.6927736
1548651796 -0.6862455
1548651796 -0.6767457
1548651796 -0.70069605
1548651796 -0.69616634
1548651796 -0.70131546
1548651796 -0.72697985
1548651796 -0.72797334
1548651796 -0.7302926
1548651796 -0.73676586
1548651796 -0.74561495
1548651797 -0.7436605
1548651797 -0.75385374
1548651797 2.359987
1548651797 -0.7651519
1548651797 -0.766887
1548651797 -0.76273036
1548651797 -0.75868815
1548651797 -0.76928586
1548651797 -0.77376395
1548651797 -0.78930354
1548651797 -0.78009343
1548651797 -0.79525596
1548651797 -0.8129347
1548651797 -0.7924193
1548651797 -0.80662626
1548651797 -0.80502164
1548651798 -0.81232846
1548651798 -0.8129233
1548651798 -0.81462675
1548651798 -0.8125972
1548651798 -0.80930626
1548651798 -0.8167248
1548651798 -0.83337903
1548651798 -0.83750594
1548651798 -0.84390485
1548651798 -0.8411187
1548651798 -0.8478276
1548651798 -0.8567572
1548651798 -0.8675422
1548651798 -0.8666379
1548651798 -0.87114704
1548651798 -0.87260306
1548651799 -0.85793835
1548651799 -0.8694723
1548651799 1.0167481
1548651799 -0.86703753
1548651799 -0.86345506
1548651799 -0.86803854
1548651799 -0.86488646
1548651799 -0.874948
1548651799 -0.8817825
1548651799 -0.8760067
1548651799 -0.87406915
1548651799 -0.8826123
1548651799 -0.882661
1548651799 -0.87645644
1548651799 -0.87770313
1548651799 -0.8841902
1548651800 -0.88152677
1548651800 -0.885109
1548651800 -0.88328385
1548651800 -0.8910233
1548651800 -0.9007376
1548651800 -0.9078477
1548651800 -0.91485745
1548651800 -0.92065734
1548651800 -0.9215097
1548651800 -0.9280223
1548651800 -0.9310804
1548651800 -0.66302735
1548651800 -0.93848854
1548651800 -0.9355182
1548651800 -0.94042736
1548651801 -0.9417146
1548651801 -0.9429909
1548651801 -0.9434174
1548651801 -0.94811726
1548651801 -0.9485243
1548651801 -0.94981337
1548651801 -0.9471551
1548651801 -0.94747055
1548651801 -0.94043815
1548651801 -0.9418796
1548651801 -0.9447541
1548651801 -0.9415141
1548651801 -0.94352037
1548651801 -0.9442511
1548651801 -0.94776714
1548651801 -0.9454261
1548651802 -0.9446029
1548651802 -0.9482131
1548651802 -0.9500855
1548651802 -0.9492627
1548651802 -0.9472983
1548651802 -0.95151556
1548651802 -0.9537272
1548651802 -0.95451546
1548651802 -0.9567175
1548651802 -0.9550878
1548651802 -0.9576474
1548651802 -0.95991874
1548651802 -0.96160036
1548651802 -0.95875025
1548651802 -0.9565194
1548651803 -0.95454466
1548651803 -0.95690715
1548651803 -0.9545361
1548651803 -0.9556504
1548651803 -0.95603263
1548651803 -0.95380753
1548651803 -0.95421904
1548651803 -0.9544292
1548651803 -0.9517719
1548651803 -0.9487433
1548651803 -2.9245393
1548651803 -0.95131826
1548651803 -0.9513761
1548651803 -0.95362216
1548651803 -0.9554978
1548651803 -0.9529885
1548651804 -0.9488805
1548651804 -3.5225263
1548651804 -0.95209163
1548651804 -0.9539819
1548651804 -0.9550408
1548651804 -0.9560421
1548651804 -0.9537942
1548651804 -3.962034
1548651804 -0.9583607
1548651804 -0.9580574
1548651804 -0.9561558
1548651804 -0.9550132
1548651804 -0.9552247
1548651804 -0.95320207
1548651804 -0.9518692
1548651804 -0.9526728
1548651805 -0.9518792
1548651805 -0.9536354
1548651805 -0.9507129
1548651805 -0.9507959
1548651805 -0.9469259
1548651805 -0.9846586
1548651805 -0.98650724
1548651805 -0.98639154
1548651805 -0.98716295
1548651805 -0.98812723
1548651805 -0.98849756
1548651805 -0.98978615
1548651805 -0.99053663
1548651805 -0.99157095
1548651806 0.40609637
1548651806 -0.99227655
1548651806 -0.99285513
1548651806 -0.9928426
1548651806 -0.9927898
1548651806 -0.9932454
1548651806 -0.99408394
1548651806 -0.99472386
1548651806 -0.99466085
1548651806 -0.9945936
1548651806 -0.9947093
1548651806 -0.9954112
1548651806 -0.9956048
1548651806 -0.9961759
1548651806 -0.996462
1548651806 -0.9965608
1548651807 -0.99679476
1548651807 -0.997141
1548651807 -0.9971307
1548651807 -0.9973295
1548651807 -0.99740285
1548651807 -0.9977007
1548651807 -0.9979021
1548651807 -0.9979799
1548651807 -0.99801695
1548651807 -0.9979625
1548651807 -0.9981421
1548651807 -0.99833465
1548651807 -0.9984589
1548651807 -0.99836946
1548651807 -0.9985414
1548651808 -0.9987023
1548651808 -0.9988225
1548651808 -0.99899787
1548651808 -0.99910283
1548651808 -0.9991603
1548651808 -0.99921316
1548651808 -0.99923074
1548651808 -0.99934006
1548651808 -0.9994056
1548651808 -0.9994787
1548651808 -0.9995302
1548651808 -0.99960065
1548651808 -0.9996406
1548651808 -0.99967206
1548651808 -0.9996861
1548651809 -0.99971914
1548651809 -0.9997365
1548651809 -0.9997452
1548651809 -0.9997764
1548651809 -0.99979126
1548651809 -0.9998093
1548651809 -0.9998209
1548651809 -0.99981576
1548651809 -0.99983853
1548651809 -0.99982816
1548651809 -0.9998464
1548651809 -0.9998546
1548651809 -0.9998563
1548651809 -0.99987596
1548651809 -0.9998791
1548651810 -0.9998903
1548651810 -0.99988985
1548651810 -0.9998947
1548651810 -0.9998971
1548651810 -0.9998985
1548651810 -0.99990416
1548651810 -0.9999162
1548651810 -0.999924
1548651810 -0.9999286
1548651810 -0.99993455
1548651810 -0.9999449
1548651810 -0.99994874
1548651810 -0.9999467
1548651810 -0.9999553
1548651810 -0.9999533
1548651810 -0.99995637
1548651811 -0.9291862
1548651811 -0.93482095
1548651811 -0.9379365
1548651811 -0.9362992
1548651811 -0.9323489
1548651811 -0.92889535
1548651811 -0.9295666
1548651811 -0.93516606
1548651811 -0.9324933
1548651811 -0.9326563
1548651811 -0.9396149
1548651811 -0.9440307
1548651811 -0.9501868
1548651811 -0.9539714
1548651812 -0.95404816
1548651812 -0.9599428
1548651812 -0.95801437
1548651812 -0.9590569
1548651812 -0.95700985
1548651812 -0.96167547
1548651812 -0.9633552
1548651812 -0.96143806
1548651812 -0.95952946
1548651812 0.4489874
1548651812 -0.9617334
1548651812 -0.96718657
1548651812 -0.9660108
1548651812 -0.9678994
1548651812 -0.9694086
1548651813 -0.973615
1548651813 -0.9770316
1548651813 -0.9783608
1548651813 -0.98195684
1548651813 -0.98247355
1548651813 -0.98268145
1548651813 0.22730349
1548651813 -0.9848284
1548651813 0.32718953
1548651813 -0.9865331
1548651813 -0.98788905
1548651813 -0.98938316
1548651813 -0.99129784
1548651813 -0.99253964
1548651813 -0.9941104
1548651814 -0.994853
1548651814 -0.9959498
1548651814 -0.9965663
1548651814 -0.99631006
1548651814 0.5417537
1548651814 -0.99632347
1548651814 -0.9966278
1548651814 -0.99670285
1548651814 -0.99732614
1548651814 -0.9975303
1548651814 -0.99774015
1548651814 -0.9981075
1548651814 -0.9983337
1548651814 -0.9986084
1548651814 -0.998783
1548651815 -0.9989977
1548651815 -0.999099
1548651815 -0.99917185
1548651815 -0.9991994
1548651815 -0.99936956
1548651815 -0.9994412
1548651815 -0.9994549
1548651815 -0.9995117
1548651815 -0.9995903
1548651815 -0.99965954
1548651815 -0.99974144
1548651815 -0.32314473
1548651815 -0.9997473
1548651815 -0.9997718
1548651816 -0.99980205
1548651816 -0.9998317
1548651816 -0.99986535
1548651816 -0.9998911
1548651816 -0.9999103
1548651816 -0.9999174
1548651816 -0.99992776
1548651816 -0.9999288
1548651816 -0.9999362
1548651816 -0.9999439
1548651816 -0.7088651
1548651816 -0.70875263
1548651816 -0.71345544
1548651816 -0.71813804
1548651817 -0.72295797
1548651817 -0.72475255
1548651817 -0.7311083
1548651817 -0.7574421
1548651817 -0.75032973
1548651817 -0.7684993
1548651817 -0.76583654
1548651817 -0.76450044
1548651817 -0.7643771
1548651817 -0.7913237
1548651817 -0.80912614
1548651817 -0.8106784
1548651817 -0.8238936
1548651817 -0.8245967
1548651818 -0.8285953
1548651818 -0.8407018
1548651818 -0.83871907
1548651818 -0.84840894
1548651818 -0.8549955
1548651818 -0.85512775
1548651818 -0.8525358
1548651818 -0.86142004
1548651818 -0.8710741
1548651818 -0.8743245
1548651818 -0.8760702
1548651818 -0.8838983
1548651818 -0.89909756
1548651818 -0.90318954
1548651819 -0.9077598
1548651819 -0.91219383
1548651819 -0.9241561
1548651819 -0.15284412
1548651819 -0.9262766
1548651819 -0.9287531
1548651819 -0.9314317
1548651819 -0.9324304
1548651819 -0.9301121
1548651819 -0.34303442
1548651819 -0.92793906
1548651819 -0.9312517
1548651819 -0.93910015
1548651819 -0.9448441
1548651820 -0.94392836
1548651820 -0.9461876
1548651820 -0.94719285
1548651820 -0.9486423
1548651820 -0.9519153
1548651820 -0.95327854
1548651820 -0.9549956
1548651820 -0.95254797
1548651820 -0.95791864
1548651820 -0.9579537
1548651820 -0.95665604
1548651820 -0.9566623
1548651820 -0.9578977
1548651820 -0.960381
1548651820 -0.95912856
1548651821 -1.1901948
1548651821 -0.96274257
1548651821 -0.96434397
1548651821 -0.96749127
1548651821 -0.96705306
1548651821 -0.96992534
1548651821 -0.97170675
1548651821 -0.9723887
1548651821 -0.9744186
1548651821 -0.9707959
1548651821 -0.96668833
1548651821 -0.966872
1548651821 -0.96560043
1548651822 -0.9691281
1548651822 -0.9690814
1548651822 -1.2565706
1548651822 -0.9709028
1548651822 -0.97418475
1548651822 -0.97545666
1548651822 -0.9749236
1548651822 -0.9749645
1548651822 -1.8155833
1548651822 -0.9775694
1548651822 -0.9780779
1548651822 -0.97829604
1548651822 -0.9792589
1548651822 -0.9783303
1548651823 -0.97804594
1548651823 -0.97841954
1548651823 -2.1568208
1548651823 -0.98014796
1548651823 -2.3120098
1548651823 -0.98062396
1548651823 -0.98019785
1548651823 -0.98228794
1548651823 -0.98159915
1548651823 -0.9826236
1548651823 -0.98306185
1548651823 -0.9837521
1548651823 -0.9844348
1548651823 -0.9840149
1548651823 -0.98455435
1548651824 -0.98598003
1548651824 -0.98608524
1548651824 -0.9862605
1548651824 -0.9858429
1548651824 -0.98556596
1548651824 -0.9854512
1548651824 -0.9854746
1548651824 -0.9852013
1548651824 -0.98560613
1548651824 -0.98686063
1548651824 -0.9860955
1548651824 -0.98601174
1548651824 -0.98623973
1548651824 -0.98633355
1548651825 -0.98724955
1548651825 -0.98708725
1548651825 -0.9865665
1548651825 -0.9870486
1548651825 -0.9872893
1548651825 -0.9867895
1548651825 -0.98692024
1548651825 -0.98693085
1548651825 -0.98691434
1548651825 -0.9873621
1548651825 -0.9877359
1548651825 -0.9878042
1548651825 -0.9881591
1548651825 -0.98779386
1548651826 -0.9877176
1548651826 -0.9873518
1548651826 -0.98759186
1548651826 -0.9877077
1548651826 -0.9872657
1548651826 -0.9871779
1548651826 -0.98569596
1548651826 -0.98640573
1548651826 -0.9859434
1548651826 -0.9852452
1548651826 -0.5822799
1548651826 -0.58420295
1548651826 -0.5938645
1548651827 -0.5984713
1548651827 -0.60078216
1548651827 -0.6024067
1548651827 -0.5988303
1548651827 -0.5860032
1548651827 -0.575177
1548651827 -0.56099373
1548651827 -0.54121464
1548651827 -0.54998314
1548651827 -0.5338196
1548651827 -0.51102144
1548651827 -1.6495568
1548651827 -0.5315898
1548651827 -0.5290462
1548651828 -0.53022575
1548651828 -0.51403016
1548651828 -0.5080499
1548651828 -0.50489515
1548651828 -0.48535806
1548651828 -0.48706767
1548651828 -0.48306933
1548651828 -0.48987883
1548651828 -0.4922429
1548651828 -0.48075455
1548651828 -0.50042635
1548651828 -0.48877183
1548651828 -0.5190048
1548651828 -0.53996444
1548651829 -0.55942756
1548651829 -0.5792885
1548651829 -0.57761186
1548651829 -0.59861684
1548651829 -0.5966452
1548651829 -0.6156364
1548651829 -1.6445011
1548651829 -0.6386035
1548651829 -0.625167
1548651829 -0.644346
1548651829 -0.6617235
1548651829 -0.6839828
1548651829 -0.6967056
1548651829 -0.70583725
1548651830 -0.7136071
1548651830 -0.7138875
1548651830 -0.72967994
1548651830 -0.73866755
1548651830 -0.7472969
1548651830 -2.3697557
1548651830 -0.76439756
1548651830 -0.7619968
1548651830 -0.76056623
1548651830 -0.77234226
1548651830 -0.76996386
1548651830 -0.7792317
1548651830 -0.77819383
1548651831 -0.7777861
1548651831 -0.7752016
1548651831 -0.76582074
1548651831 -2.4056048
1548651831 -0.7549869
1548651831 -0.76259446
1548651831 -0.75682074
1548651831 -0.7571883
1548651831 -0.75022787
1548651831 -0.72417104
1548651831 -0.71326077
1548651831 -0.70593387
1548651832 -0.683918
1548651832 -2.0798292
1548651832 -0.6849147
1548651832 -0.69752204
1548651832 -0.6727311
1548651832 -0.6441358
1548651832 -0.61621267
1548651832 -0.58903503
1548651832 -0.5928641
1548651832 -0.5746947
1548651832 -0.54294646
1548651832 -0.54768336
1548651832 -0.50878006
1548651832 -0.4643853
1548651832 -0.44740027
1548651833 -0.44949967
1548651833 -0.45826656
1548651833 -0.4174217
1548651833 -0.36572614
1548651833 -0.3694814
1548651833 -0.33149955
1548651833 -0.28752732
1548651833 -0.24825838
1548651833 -0.21948838
1548651833 -0.18074106
1548651833 -0.13936442
1548651833 -0.094944
1548651833 0.19908834
1548651833 -598.5369
1548651834 -0.9533983
1548651834 -0.9529173
1548651834 -0.9519155
1548651834 -0.9530376
1548651834 -0.95139855
1548651834 -0.9495938
1548651834 -0.95234567
1548651834 -0.9535199
1548651834 -0.9553676
1548651834 -0.95480925
1548651834 -0.95423263
1548651834 -0.95202154
1548651834 -0.9532854
1548651835 -0.95543414
1548651835 -0.9547554
1548651835 -0.95570946
1548651835 -0.95779335
1548651835 -0.9624201
1548651835 0.25394803
1548651835 -0.9610454
1548651835 -0.964284
1548651835 -0.96599746
1548651835 -0.967752
1548651835 -0.9691825
1548651835 -0.96821624
1548651835 -0.9725897
1548651835 -0.9766385
1548651836 -0.9774673
1548651836 -0.97821933
1548651836 -0.9801196
1548651836 -0.98078907
1548651836 -0.98294437
1548651836 -0.98410684
1548651836 -0.9857703
1548651836 -0.9861088
1548651836 -0.98689866
1548651836 -0.9891875
1548651836 -0.9904391
1548651836 -0.99117506
1548651836 -0.99145174
1548651836 -0.9915293
1548651837 -0.99302465
1548651837 -0.99273247
1548651837 -0.99287015
1548651837 -0.9935952
1548651837 -0.99416006
1548651837 -0.99524254
1548651837 -0.99584585
1548651837 -0.3571238
1548651837 -0.996174
1548651837 -0.99669296
1548651837 -0.99716467
1548651837 -0.9976625
1548651837 -0.99802506
1548651837 -0.9984601
1548651838 -0.9986683
1548651838 -0.99895525
1548651838 -0.9992136
1548651838 -0.9993757
1548651838 -0.99946827
1548651838 -0.9995757
1548651838 -0.9996308
1548651838 -0.9997106
1548651838 -0.9997868
1548651838 -0.9998229
1548651838 -0.99986035
1548651838 -0.9998877
1548651838 -0.99989015
1548651838 -0.9998997
1548651839 -0.9999128
1548651839 -0.9999209
1548651839 -0.9999283
1548651839 -0.9999447
1548651839 -0.99994016
1548651839 -0.99995464
1548651839 -0.99996436
1548651839 -0.9999699
1548651839 -0.9999748
1548651839 -0.99997693
1548651839 -0.82067907
1548651839 -0.82834667
1548651839 -0.840898
1548651840 -0.8418652
1548651840 -0.84681064
1548651840 -0.8540898
1548651840 -0.8728093
1548651840 -0.88445914
1548651840 -0.8879263
1548651840 -0.890679
1548651840 -0.89323723
1548651840 -0.9007386
1548651840 -0.9005707
1548651840 -0.8969266
1548651840 -0.9035547
1548651840 -0.91456395
1548651840 -0.91798455
1548651841 -0.9227332
1548651841 -0.93136346
1548651841 -0.9274895
1548651841 -0.9249482
1548651841 -0.9306234
1548651841 -0.9333084
1548651841 -0.9348206
1548651841 -0.9412868
1548651841 -0.94403887
1548651841 -0.9474329
1548651841 -0.9478178
1548651841 -0.94894844
1548651841 -0.9522053
1548651841 -0.95277596
1548651842 -0.95344174
1548651842 -0.95722497
1548651842 -0.9625959
1548651842 -0.9663567
1548651842 -0.96617675
1548651842 -0.96756285
1548651842 -0.967899
1548651842 -0.96825844
1548651842 -0.97111297
1548651842 -0.9720008
1548651842 -0.97363806
1548651842 -0.97457933
1548651842 -0.97500515
1548651843 -0.9738633
1548651843 -0.9737276
1548651843 -0.96942914
1548651843 -0.9691416
1548651843 -0.9701835
1548651843 -0.9707333
1548651843 -0.96638566
1548651843 -0.9655782
1548651843 -0.9662632
1548651843 -0.9661153
1548651843 -0.9618728
1548651843 -0.96320367
1548651843 -0.9649633
1548651844 -0.9628426
1548651844 -0.9638974
1548651844 -0.96524435
1548651844 -0.9664971
1548651844 -0.9688089
1548651844 -0.9674751
1548651844 -0.96735597
1548651844 -0.9650342
1548651844 -0.96619624
1548651844 -0.96648914
1548651844 -0.96814805
1548651844 -0.9680532
1548651844 -0.9674741
1548651844 -0.96382904
1548651845 -0.9642142
1548651845 -0.96493965
1548651845 -0.9652589
1548651845 -0.965845
1548651845 -0.969131
1548651845 -0.9650091
1548651845 -2.1957984
1548651845 -0.9667639
1548651845 -0.96579903
1548651845 -0.96472657
1548651845 -0.96645105
1548651845 -0.9658275
1548651845 -0.9660161
1548651845 -0.9655287
1548651846 -0.96624696
1548651846 -0.9669857
1548651846 -0.96794087
1548651846 -0.9698398
1548651846 -0.97235036
1548651846 -0.9746819
1548651846 -0.97179884
1548651846 -0.9699795
1548651846 -0.9683839
1548651846 -0.969921
1548651846 -0.968628
1548651846 -0.9676356
1548651846 -0.9695859
1548651847 -0.97120965
1548651847 -0.97157115
1548651847 -0.97030413
1548651847 -0.9696017
1548651847 -0.9689181
1548651847 -0.96810967
1548651847 -0.9686122
1548651847 -0.9705752
1548651847 -0.97117424
1548651847 -0.97219443
1548651847 -0.972441
1548651847 -0.9713447
1548651847 -0.97031295
1548651848 -0.8005218
1548651848 -0.8048663
1548651848 -0.81006014
1548651848 -0.80417365
1548651848 -0.8158075
1548651848 -0.798691
1548651848 -0.79765743
1548651848 -0.8152229
1548651848 -0.8169124
1548651848 -0.8103019
1548651848 -0.8132255
1548651848 -0.81773245
1548651848 -0.8243336
1548651849 -0.83736086
1548651849 -0.83036447
1548651849 -0.8327023
1548651849 -0.8265695
1548651849 -0.83390105
1548651849 -0.82845485
1548651849 -0.83698195
1548651849 -0.83097
1548651849 -0.8242426
1548651849 -0.82780415
1548651849 -0.84782505
1548651849 -0.8426741
1548651849 -0.83706105
1548651849 -0.83546746
1548651850 -0.84017944
1548651850 -0.8454601
1548651850 -0.8471649
1548651850 -0.8536481
1548651850 -0.86212677
1548651850 -0.8492868
1548651850 -0.86478424
1548651850 -0.86019003
1548651850 -0.8554045
1548651850 -0.8619023
1548651850 -0.86768675
1548651850 -0.88331234
1548651851 -0.87917274
1548651851 -0.8845825
1548651851 -0.8805378
1548651851 -0.8916605
1548651851 -0.8966359
1548651851 -0.89299256
1548651851 -0.8962699
1548651851 -0.9001677
1548651851 -0.8982289
1548651851 -0.89472735
1548651851 -0.9025231
1548651851 -0.8991605
1548651851 -0.9038681
1548651852 1.0904986
1548651852 -0.90347517
1548651852 -0.9103103
1548651852 -0.9106742
1548651852 -0.9092105
1548651852 -0.9169828
1548651852 1.2670208
1548651852 -0.91581327
1548651852 -0.9182862
1548651852 -0.9279903
1548651852 -0.93389463
1548651852 -0.92683357
1548651852 -0.92915845
1548651853 -0.9334892
1548651853 -0.93115854
1548651853 -0.9339543
1548651853 -0.9316604
1548651853 -0.9324901
1548651853 -0.9367686
1548651853 -0.9345792
1548651853 -0.9390208
1548651853 -0.9391164
1548651853 -0.94061077
1548651853 -0.9450665
1548651853 -0.9431297
1548651854 -0.9461697
1548651854 -0.94430023
1548651854 -0.9466397
1548651854 -0.9448035
1548651854 -0.9498044
1548651854 -0.9504459
1548651854 -0.95203507
1548651854 -0.9504352
1548651854 -0.9530646
1548651854 -0.9608925
1548651854 -0.9596
1548651854 -0.9591983
1548651854 -0.9615721
1548651854 -0.960344
1548651855 -0.96585935
1548651855 -0.97000927
1548651855 -0.9731423
1548651855 -0.9758343
1548651855 -0.97797525
1548651855 -0.97688836
1548651855 -0.97738284
1548651855 -0.9800495
1548651855 -0.98228556
1548651855 -0.98416233
1548651855 -0.9835946
1548651855 -0.9846983
1548651855 -0.98655456
1548651856 -0.98831624
1548651856 -0.99032897
1548651856 -0.9902448
1548651856 -0.99057496
1548651856 -0.9917845
1548651856 -0.991488
1548651856 -0.99280614
1548651856 -0.9930003
1548651856 -0.9939998
1548651856 -0.9937796
1548651856 -0.9944331
1548651856 -0.9951769
1548651856 -0.9961449
1548651857 -0.9959976
1548651857 -0.99670875
1548651857 -0.99704504
1548651857 -0.9976528
1548651857 -0.9977923
1548651857 -0.99809897
1548651857 -0.9980249
1548651857 -0.9979139
1548651857 -0.998296
1548651857 -0.99846476
1548651857 -0.99863166
1548651857 -0.9987276
1548651857 -0.9988209
1548651858 -0.9989662
1548651858 -0.999118
1548651858 -0.9993246
1548651858 -0.99938077
1548651858 -0.9994406
1548651858 -0.99953884
1548651858 -0.99962354
1548651858 -0.9996871
1548651858 -0.999726
1548651858 -0.99977344
1548651858 -0.9997843
1548651858 -0.9997916
1548651858 -0.99980694
1548651859 -0.99983525
1548651859 -0.9998558
1548651859 -0.9998785
1548651859 -0.9999052
1548651859 -0.99992275
1548651859 -0.99992955
1548651859 -0.99994195
1548651859 -0.9999482
1548651859 -0.9999511
1548651859 -0.99996233
1548651859 -0.9999687
1548651859 -0.9999727
1548651859 -0.99997896
1548651860 -0.99998367
1548651860 -0.99998546
1548651860 -0.9999891
1548651860 -0.9999913
1548651860 -0.99999255
1548651860 -0.9999929
1548651860 -0.9999938
1548651860 -0.99999446
1548651860 -0.99999493
1548651860 -0.9999959
1548651860 -2.3439624
1548651860 -0.99999595
1548651860 -0.99999666
1548651861 -0.9999976
1548651861 -0.9999983
1548651861 -2.2197468
1548651861 -0.9999984
1548651861 -0.9999987
1548651861 -0.9999989
1548651861 -0.99999917
1548651861 -0.99999934
1548651861 -0.99999946
1548651861 -0.9999996
1548651861 -0.9999997
1548651861 -0.9999998
1548651861 -0.99999964
1548651862 -0.7192031
1548651862 -0.71261424
1548651862 -0.71682763
1548651862 -0.71944094
1548651862 -0.71418524
1548651862 -0.7057575
1548651862 -0.7031562
1548651862 -0.6798453
1548651862 -0.6789677
1548651862 -0.656523
1548651862 -0.63348866
1548651862 -0.6325583
1548651862 -0.6496067
1548651862 -0.65133405
1548651863 -0.6655638
1548651863 -0.6880594
1548651863 -0.6888383
1548651863 -0.6823687
1548651863 -0.6896308
1548651863 -0.7313426
1548651863 -0.73573124
1548651863 -0.7628602
1548651863 -0.7969757
1548651863 -0.81323373
1548651863 -0.8214824
1548651863 -0.81815803
1548651863 -0.8335516
1548651864 -0.84367055
1548651864 -0.8410892
1548651864 -0.8362314
1548651864 -0.8615028
1548651864 -0.857067
1548651864 -0.86859673
1548651864 -0.8845198
1548651864 -0.89260966
1548651864 -0.8891777
1548651864 -0.8856171
1548651864 -0.8819229
1548651864 -0.87808996
1548651864 -0.90347207
1548651865 -0.9001855
1548651865 -0.91116107
1548651865 -0.9174918
1548651865 -0.9203098
1548651865 -0.9297713
1548651865 -0.9281424
1548651865 -0.9252239
1548651865 -0.93394446
1548651865 -0.93128157
1548651865 -0.9467766
1548651865 -0.9445532
1548651865 -0.9422264
1548651865 -0.94648486
1548651866 -0.95111066
1548651866 -0.9513063
1548651866 -0.94911736
1548651866 -0.9602185
1548651866 -0.961855
1548651866 -0.96558213
1548651866 -0.9714673
1548651866 -0.9736415
1548651866 -0.9746598
1548651866 -0.9762211
1548651866 -0.9766591
1548651866 -0.97827077
1548651866 -0.98120147
1548651867 -0.98515975
1548651867 -0.9843497
1548651867 -0.9840677
1548651867 -0.9855451
1548651867 -0.98722774
1548651867 -0.98879206
1548651867 -0.9881175
1548651867 -0.99016994
1548651867 -0.98957694
1548651867 -0.99148047
1548651867 -0.99224967
1548651867 -0.99385816
1548651867 -0.9942765
1548651867 -0.9948105
1548651868 -0.99580956
1548651868 -0.99673104
1548651868 -0.9965215
1548651868 -0.9968856
1548651868 -0.9972186
1548651868 -0.9976656
1548651868 -0.9980069
1548651868 -0.99822545
1548651868 -0.99857664
1548651868 -0.9988871
1548651868 -0.9991269
1548651868 -0.99927413
1548651868 -0.99937314
1548651869 -0.999421
1548651869 -0.9995415
1548651869 -0.99964535
1548651869 -0.99966884
1548651869 -0.99973905
1548651869 -0.99979454
1548651869 -0.99983126
1548651869 -0.99986356
1548651869 -0.9998553
1548651869 -0.9998583
1548651869 -0.9998843
1548651869 -0.99991083
1548651869 -0.9999175
1548651870 -0.999929
1548651870 -0.999939
1548651870 -0.999951
1548651870 -0.9999561
1548651870 -0.99995846
1548651870 -0.99996775
1548651870 -0.9999697
1548651870 -0.99997354
1548651870 -0.99997145
1548651870 -0.99997497
1548651870 -0.9999793
1548651870 -0.9999827
1548651870 -0.9999846
1548651871 -0.99998814
1548651871 -0.99998885
1548651871 -0.99999034
1548651871 -0.9999925
1548651871 -0.9999935
1548651871 -0.9999928
1548651871 -0.98891395
1548651871 -0.9884478
1548651871 -0.98786193
1548651871 -0.98724115
1548651871 -0.9865854
1548651871 -0.9885588
1548651872 -0.98796695
1548651872 -0.9889456
1548651872 -0.99043065
1548651872 -0.9899363
1548651872 -0.990273
1548651872 -0.99078333
1548651872 -0.9905374
1548651872 -0.99007547
1548651872 -0.99097717
1548651872 -0.99235874
1548651872 -0.99197465
1548651872 -0.9926933
1548651872 -0.99322164
1548651872 -0.9936698
1548651873 -0.99334687
1548651873 -0.99418664
1548651873 -0.99478465
1548651873 -0.9950912
1548651873 -0.99483585
1548651873 -0.99525046
1548651873 -0.9957402
1548651873 -0.9960052
1548651873 -0.9962648
1548651873 -0.9960667
1548651873 -0.9964968
1548651873 -0.99696624
1548651874 -0.99680245
1548651874 -0.9968856
1548651874 -0.997186
1548651874 -0.99747384
1548651874 -0.99733377
1548651874 -0.997305
1548651874 -0.9972115
1548651874 -0.9970356
1548651874 -0.99684775
1548651874 -0.99723583
1548651874 -0.99740577
1548651874 -0.99760795
1548651874 -0.99745715
1548651874 -0.99778557
1548651875 -0.998116
1548651875 -0.99799377
1548651875 -0.99824744
1548651875 -0.99813217
1548651875 -0.99810505
1548651875 -0.99825007
1548651875 -0.9983781
1548651875 -0.9985913
1548651875 -0.99879265
1548651875 -0.9990191
1548651875 -0.99913347
1548651875 -0.99928045
1548651876 -0.9993409
1548651876 -0.99935603
1548651876 -0.9994142
1548651876 -0.9994345
1548651876 -0.999484
1548651876 -0.99955016
1548651876 -0.9995793
1548651876 -0.9995658
1548651876 -0.99959075
1548651876 -0.99963266
1548651876 -0.99968904
1548651876 -0.99973285
1548651876 -0.9997611
1548651876 -0.9997961
1548651877 -0.9998291
1548651877 -0.99985063
1548651877 -0.99987626
1548651877 -0.99989337
1548651877 -0.99989825
1548651877 -0.99990726
1548651877 -1.3110313
1548651877 -0.9999188
1548651877 -0.75317985
1548651877 -0.99992305
1548651877 -0.9424704
1548651877 -0.94591016
1548651878 -0.9450542
1548651878 -0.9444668
1548651878 -0.9467673
1548651878 -0.94825834
1548651878 -0.94943196
1548651878 -0.9532333
1548651878 -0.95353556
1548651878 -0.9524852
1548651878 -0.9557867
1548651878 -0.9598654
1548651878 -0.9653986
1548651878 -0.9637215
1548651878 -0.9632225
1548651879 -0.9647617
1548651879 -0.9674512
1548651879 -0.9688228
1548651879 -0.97023
1548651879 -0.97194016
1548651879 -0.97554183
1548651879 -0.9758039
1548651879 -0.97621685
1548651879 -0.9800046
1548651879 -0.97924787
1548651879 -0.98014873
1548651879 -0.98144597
1548651879 -0.9805786
1548651880 -0.98410064
1548651880 -0.9833381
1548651880 -0.9847654
1548651880 -0.9865645
1548651880 -0.98697895
1548651880 -0.9875572
1548651880 -0.98691654
1548651880 -0.9877816
1548651880 -0.9870748
1548651880 -0.9892251
1548651880 -0.9885938
1548651880 -0.98942107
1548651880 -0.9902616
1548651881 -0.99113613
1548651881 -0.9921837
1548651881 -0.99374884
1548651881 -0.99478
1548651881 -0.99579984
1548651881 -0.99627644
1548651881 -0.9966123
1548651881 -0.9969018
1548651881 -0.99731785
1548651881 -0.99760896
1548651881 -0.997736
1548651881 -0.99781185
1548651881 -0.9979305
1548651882 -0.09514978
1548651882 -0.998077
1548651882 -0.9983373
1548651882 -0.998461
1548651882 -0.99872226
1548651882 -0.99890906
1548651882 -0.9990718
1548651882 -0.999133
1548651882 -0.9992902
1548651882 -0.999347
1548651882 -0.99945503
1548651882 -0.9994803
1548651882 -0.999497
1548651883 -0.9995508
1548651883 -0.999587
1548651883 -0.99966305
1548651883 -0.99972826
1548651883 -0.99976677
1548651883 -0.9997918
1548651883 -0.9998308
1548651883 -0.9998244
1548651883 -0.9998396
1548651883 -0.9998596
1548651883 -0.99986535
1548651883 -0.9998769
1548651883 -0.99988294
1548651884 -0.99988586
1548651884 -0.99989194
1548651884 -0.9999096
1548651884 -0.9999251
1548651884 -0.9999343
1548651884 -0.9999434
1548651884 -0.9999466
1548651884 -0.9999488
1548651884 -0.92254424
1548651884 -0.91956997
1548651884 -0.9163169
1548651884 -0.912619
1548651885 -0.90874445
1548651885 -0.90468454
1548651885 -0.90042996
1548651885 -0.89597183
1548651885 -0.89215595
1548651885 -0.8936133
1548651885 -0.888981
1548651885 -0.895348
1548651885 -0.89628136
1548651885 -0.891786
1548651885 -0.8996526
1548651885 -0.906973
1548651885 -0.9028325
1548651886 -0.91020215
1548651886 -0.90617025
1548651886 -0.91257316
1548651886 2.4371676
1548651886 -0.9052971
1548651886 -0.9113579
1548651886 -0.9066325
1548651886 -0.9128198
1548651886 -0.91700304
1548651886 -0.9239981
1548651886 -0.92047423
1548651886 -0.9167745
1548651886 -0.9176334
1548651887 -0.91781074
1548651887 -0.91409135
1548651887 -0.9137699
1548651887 -0.90990454
1548651887 -0.9183936
1548651887 -0.9207719
1548651887 -0.9171901
1548651887 -0.9190918
1548651887 -0.91549075
1548651887 1.8990263
1548651887 -0.916461
1548651887 -0.91881084
1548651888 -0.91513085
1548651888 -0.9220273
1548651888 -0.92739964
1548651888 -0.9368962
1548651888 -0.933863
1548651888 -0.94273543
1548651888 -0.94405645
1548651888 -0.941327
1548651888 -0.9483615
1548651888 -0.94578624
1548651888 -0.94810164
1548651888 -0.9463672
1548651888 -0.9495012
1548651889 -0.9524631
1548651889 -0.95439035
1548651889 -0.9588855
1548651889 -0.95677143
1548651889 -0.95609444
1548651889 -0.95699054
1548651889 -0.95485216
1548651889 -0.95259875
1548651889 -0.9565269
1548651889 -0.954342
1548651889 -0.9523243
1548651889 -0.9548267
1548651890 1.9790804
1548651890 -0.9506141
1548651890 -0.94984764
1548651890 -0.95485866
1548651890 -0.9521802
1548651890 -0.951455
1548651890 -0.955439
1548651890 -0.9573807
1548651890 -0.95537996
1548651890 -0.9579183
1548651890 -0.95843726
1548651890 -0.9564473
1548651890 -0.95919365
1548651891 -0.9572211
1548651891 -0.95796174
1548651891 -0.9559769
1548651891 -0.9608609
1548651891 -0.95900035
1548651891 -0.9646491
1548651891 -0.962928
1548651891 -0.9680511
1548651891 -0.9664724
1548651891 -0.97025305
1548651891 -0.9687608
1548651891 -0.9718054
1548651892 -0.97376806
1548651892 -0.9745682
1548651892 1.7584068
1548651892 -0.9750761
1548651892 -0.97911453
1548651892 -0.97797745
1548651892 -0.9790982
1548651892 -0.9816359
1548651892 -0.9806142
1548651892 -0.98211724
1548651892 -0.98092324
1548651892 -0.9814704
1548651892 -0.9805586
1548651893 -0.97949725
1548651893 -0.9814539
1548651893 -0.9817585
1548651893 -0.9807607
1548651893 -0.98336643
1548651893 -0.9832944
1548651893 -0.98237556
1548651893 -0.9819089
1548651893 -0.98287123
1548651893 -0.9819396
1548651893 -0.9818959
1548651893 -0.9808071
1548651894 -0.9823343
1548651894 -0.9833964
1548651894 -0.9825031
1548651894 -0.9811194
1548651894 -0.9811627
1548651894 -0.9819722
1548651894 -0.98173976
1548651894 -0.98088217
1548651894 -0.9822609
1548651894 -0.9820391
1548651894 -0.9812031
1548651894 -0.9811112
1548651895 -0.98024136
1548651895 -0.9791107
1548651895 -0.9807088
1548651895 -0.9792965
1548651895 -0.9817023
1548651895 -0.9808761
1548651895 -0.97946334
1548651895 -0.9788291
1548651895 -0.97889227
1548651895 -0.9790097
1548651895 -0.9808447
1548651895 -0.9800024
1548651896 -0.98027813
1548651896 -0.980602
1548651896 -0.9815126
1548651896 -0.98071074
1548651896 -0.9805742
1548651896 -0.97974217
1548651896 -0.980052
1548651896 -0.9792018
1548651896 -0.9793415
1548651896 -0.98060215
1548651896 -0.98205876
1548651896 -0.98250216
1548651896 -0.9817541
1548651897 -0.98282176
1548651897 -0.9820891
1548651897 -0.98231566
1548651897 -0.98244685
1548651897 -0.9817079
1548651897 -0.983042
1548651897 -0.9850267
1548651897 -0.9855135
1548651897 -0.98793536
1548651897 -0.9874139
1548651897 -0.9886978
1548651897 -0.98816174
1548651898 -0.9892614
1548651898 -0.9887992
1548651898 -0.9890282
1548651898 -0.9885601
1548651898 -0.989606
1548651898 -0.99006695
1548651898 -0.9895151
1548651898 -0.989077
1548651898 -0.99020934
1548651898 -0.98980147
1548651898 -0.9909823
1548651898 -0.9914392
1548651898 -0.9910798
1548651899 -0.99245435
1548651899 -0.9925958
1548651899 -0.9922286
1548651899 0.48381263
1548651899 -0.99201715
1548651899 -0.992829
1548651899 -0.99243546
1548651899 -0.9924615
1548651899 -0.9931928
1548651899 0.49434134
1548651899 -0.9942263
1548651899 -0.99466306
1548651899 -0.994462
1548651900 -0.9950574
1548651900 -0.9947677
1548651900 -0.9948852
1548651900 -0.9956363
1548651900 -0.9960237
1548651900 -0.9965607
1548651900 -0.996371
1548651900 -0.9968318
1548651900 -0.99665666
1548651900 -0.9973105
1548651900 -0.9971607
1548651900 -0.9971623
1548651901 -0.99748635
1548651901 -0.99793833
1548651901 -0.9978223
1548651901 -0.9982877
1548651901 -0.9981904
1548651901 -0.99841726
1548651901 -0.9983273
1548651901 -0.9987108
1548651901 -0.99863994
1548651901 -0.9987521
1548651901 -0.99884874
1548651901 -0.99897987
1548651902 -0.9991994
1548651902 -0.9236316
1548651902 -0.92709816
1548651902 -0.92580694
1548651902 -0.92552483
1548651902 -0.92372394
1548651902 -0.92951596
1548651902 -0.9313346
1548651902 -0.93550235
1548651902 -0.94063437
1548651902 -0.9438085
1548651903 -0.9427038
1548651903 -0.9415661
1548651903 -0.9456448
1548651903 -0.95078915
1548651903 -0.9519338
1548651903 -0.95053864
1548651903 -0.94903004
1548651903 -0.95033294
1548651903 -0.9513372
1548651903 -0.9560192
1548651903 -0.9569766
1548651903 -0.9602582
1548651903 -0.96453124
1548651904 -0.96210766
1548651904 -0.9609197
1548651904 0.7964951
1548651904 -0.95823514
1548651904 -0.96077365
1548651904 -0.9649153
1548651904 -0.9672707
1548651904 -0.9724435
1548651904 -0.97667265
1548651904 -0.9754127
1548651904 -0.9740786
1548651904 -0.9737904
1548651904 -0.97561914
1548651905 -0.9743357
1548651905 -0.97298825
1548651905 -0.9741019
1548651905 -0.9748967
1548651905 -0.97694975
1548651905 -0.9806474
1548651905 -0.9795222
1548651905 -0.9803238
1548651905 -0.9832822
1548651905 -0.9833684
1548651905 -0.9844851
1548651905 -0.983568
1548651906 -0.9832886
1548651906 -0.9865312
1548651906 -0.9877719
1548651906 -0.9870447
1548651906 -0.98851824
1548651906 -0.98782957
1548651906 -0.98837215
1548651906 -0.98981535
1548651906 -0.9908537
1548651906 -0.99155724
1548651906 -0.99255925
1548651906 -0.9941729
1548651907 -0.99380827
1548651907 -0.9936497
1548651907 -0.99419767
1548651907 -0.99470514
1548651907 -0.99479544
1548651907 -0.99447024
1548651907 -0.9950657
1548651907 -0.99604946
1548651907 -0.996801
1548651907 -0.9968927
1548651907 -0.99722534
1548651907 -0.9970354
1548651908 -0.99747145
1548651908 0.3694267
1548651908 -0.9973668
1548651908 -0.99746764
1548651908 -0.997931
1548651908 -0.9977929
1548651908 -0.9979128
1548651908 -0.9982413
1548651908 -0.9982742
1548651908 -0.9985342
1548651908 -0.9986892
1548651908 -0.99880093
1548651909 -0.9987158
1548651909 -0.9988462
1548651909 -0.99899155
1548651909 -0.99921125
1548651909 -0.9993139
1548651909 -0.99937123
1548651909 -0.9993304
1548651909 -0.99943656
1548651909 -0.9994977
1548651909 -0.9995912
1548651909 -0.9996525
1548651909 -0.9996659
1548651910 -0.999724
1548651910 -0.99976
1548651910 -0.9997675
1548651910 -0.99975145
1548651910 -0.99978566
1548651910 -0.9997706
1548651910 -0.99979186
1548651910 -0.9998087
1548651910 -0.9998369
1548651910 -2.4756594
1548651910 -0.7557948
1548651911 -0.7443111
1548651911 -0.7350143
1548651911 -0.7403546
1548651911 -0.74621785
1548651911 -0.75488234
1548651911 -0.75695443
1548651911 -0.7690915
1548651911 -0.7745411
1548651911 -0.773568
1548651911 -0.7795844
1548651911 -0.7870195
1548651912 -0.7790285
1548651912 -0.79374444
1548651912 -0.80192226
1548651912 -0.8019759
1548651912 -0.8188444
1548651912 -0.8133495
1548651912 -0.8228951
1548651912 -0.8283143
1548651912 -0.8403943
1548651912 -0.83615315
1548651912 -0.8449426
1548651912 -0.8582299
1548651913 -0.8515249
1548651913 -0.855654
1548651913 -0.86629295
1548651913 -0.8589027
1548651913 -0.85566986
1548651913 -0.86432266
1548651913 -0.8612058
1548651913 -0.8719484
1548651913 -0.8649247
1548651913 -0.8779099
1548651913 -0.8711875
1548651914 -0.88084656
1548651914 -0.8935112
1548651914 -0.8876028
1548651914 -0.8841218
1548651914 -0.8953776
1548651914 -0.9008996
1548651914 -0.9027576
1548651914 -0.9038462
1548651914 -0.88973
1548651914 -0.89405566
1548651914 -0.9016693
1548651914 -0.91027766
1548651915 -0.8968501
1548651915 -0.8981475
1548651915 -0.9022181
1548651915 -0.90146506
1548651915 -0.9030407
1548651915 -0.90052426
1548651915 -0.9010856
1548651915 0.11826517
1548651915 -0.90391475
1548651915 -0.90799886
1548651915 -0.9119064
1548651915 -0.91203785
1548651916 -0.91053957
1548651916 -0.91195285
1548651916 -0.91219777
1548651916 -0.91222984
1548651916 -0.90148675
1548651916 -0.90193784
1548651916 -0.89679825
1548651916 -0.89139724
1548651916 -0.8874184
1548651916 -0.8941367
1548651916 -0.900795
1548651916 -0.904127
1548651917 -0.902586
1548651917 -0.9033796
1548651917 -0.90590584
1548651917 -0.90091956
1548651917 -0.9011954
1548651917 -0.9064005
1548651917 -0.9146689
1548651917 -0.9038512
1548651917 -0.9044078
1548651917 -0.8945225
1548651917 -0.90181994
1548651917 -0.902627
1548651918 -0.9057954
1548651918 -0.8956569
1548651918 -0.90196866
1548651918 -0.89951354
1548651918 -0.907943
1548651918 -0.8953973
1548651918 -0.89363027
1548651918 -0.8926299
1548651918 -0.88766515
1548651918 -0.8824521
1548651918 -0.87558997
1548651918 -0.8761412
1548651919 -0.87038445
1548651919 -0.8643419
1548651919 -0.85744053
1548651919 -0.848605
1548651919 -0.8392371
1548651919 -0.8312819
1548651919 -0.8323596
1548651919 -0.82489717
1548651919 -0.8170841
1548651919 -0.8250702
1548651919 -0.81726366
1548651919 -0.80909157
1548651919 -0.80053884
1548651920 -0.8087233
1548651920 -0.7895082
1548651920 -0.7800703
1548651920 -0.7875972
1548651920 -0.7780501
1548651920 -0.76806605
1548651920 -0.75762844
1548651920 -0.7538439
1548651920 -0.74483997
1548651920 -0.7402131
1548651920 -0.73714006
1548651920 -0.7339487
1548651921 -0.73063606
1548651921 -0.7271991
1548651921 -1.8636376
1548651921 -0.73756206
1548651921 -1.8730052
1548651921 -0.75265366
1548651921 -0.752001
1548651921 -0.75124604
1548651921 -0.750389
1548651921 -0.74869764
1548651921 -0.7477492
1548651921 -0.746696
1548651922 -0.7455366
1548651922 -0.7532014
1548651922 -0.752023
1548651922 -0.75073874
1548651922 -0.76144785
1548651922 -1.7021605
1548651922 -0.7744903
1548651922 -0.7732906
1548651922 -0.75992376
1548651922 -1.7270265
1548651922 -0.77853537
1548651922 -0.7771696
1548651923 -0.7757045
1548651923 -0.7741385
1548651923 -0.7724703
1548651923 -0.7830751
1548651923 -0.7814811
1548651923 -0.76811445
1548651923 -0.7657095
1548651923 -0.75221884
1548651923 -0.77152544
1548651923 -0.7089382
1548651923 -0.70027876
1548651923 -0.69496876
1548651924 -0.70437515
1548651924 -0.69528645
1548651924 -0.7044423
1548651924 -0.6979129
1548651924 -0.68638486
1548651924 -0.6753834
1548651924 -0.6716341
1548651924 -0.67881113
1548651924 -0.6673801
1548651924 -0.6709608
1548651924 -0.67244357
1548651924 -0.66781276
1548651925 -0.6716328
1548651925 -0.66289735
1548651925 -0.6719556
1548651925 -0.6597503
1548651925 -0.6537398
1548651925 -0.6437701
1548651925 -1.4548573
1548651925 -0.6662423
1548651925 -1.4691594
1548651925 -0.6697692
1548651925 -0.67773443
1548651925 -0.6629216
1548651926 -0.664226
1548651926 -0.64878315
1548651926 -0.651827
1548651926 -0.6346498
1548651926 -0.6283409
1548651926 -0.62216306
1548651926 -0.64986116
1548651926 -0.6535206
1548651926 -0.6724164
1548651926 -0.69209415
1548651926 -0.6911899
1548651926 -0.7057619
1548651927 -0.69088787
1548651927 -0.6852233
1548651927 -0.6933147
1548651927 -0.68076503
1548651927 -0.6929587
1548651927 -0.67992806
1548651927 -0.67702013
1548651927 -0.6848276
1548651927 -0.6716336
1548651927 -0.6950384
1548651927 -0.68217236
1548651927 -0.67059857
1548651928 -0.69100744
1548651928 -0.679494
1548651928 -0.69312006
1548651928 -0.6820722
1548651928 -0.2638923
1548651928 -0.6971209
1548651928 -0.7045431
1548651928 -0.6935206
1548651928 -0.68247175
1548651928 -0.701843
1548651928 -0.69097114
1548651928 -0.68690485
1548651929 -0.6831121
1548651929 -0.79247546
1548651929 -0.67814195
1548651929 -0.67901397
1548651929 -0.68008375
1548651929 -0.70327157
1548651929 -0.6904832
1548651929 -0.6861825
1548651929 -0.6728299
1548651929 -0.66158235
1548651929 -0.6580318
1548651929 -0.6668381
1548651930 -0.67752105
1548651930 -0.6765211
1548651930 -0.7015244
1548651930 -0.6907584
1548651930 -0.7006301
1548651930 -0.7075951
1548651930 -0.7121973
1548651930 -0.7044781
1548651930 -0.6992557
1548651930 -0.71412927
1548651930 -0.71067464
1548651930 -0.7236269
1548651931 -0.7203113
1548651931 -0.71802074
1548651931 -0.7204553
1548651931 -0.71803826
1548651931 -0.7147373
1548651931 -0.7037989
1548651931 -0.7181684
1548651931 -0.7265655
1548651931 -0.7234719
1548651931 -0.72025675
1548651931 -0.72177887
1548651931 -0.718527
1548651932 -0.69566023
1548651932 -0.67259574
1548651932 -0.6812057
1548651932 -0.65839756
1548651932 -0.6547155
1548651932 -0.6625912
1548651932 -0.6786281
1548651932 -0.6835371
1548651932 -0.67891884
1548651932 -0.6757093
1548651932 -0.67331225
1548651932 -0.6693727
1548651933 -0.6668999
1548651933 -0.68112755
1548651933 -0.6787068
1548651933 -0.67631614
1548651933 -0.686576
1548651933 -0.6842517
1548651933 -0.6817887
1548651933 -0.6791846
1548651933 -0.69088334
1548651933 -0.6764742
1548651933 -0.6817952
1548651933 -0.6790795
1548651934 -0.6961629
1548651934 -0.69361454
1548651934 -0.6909269
1548651934 -0.67760366
1548651934 -0.67473704
1548651934 -0.689678
1548651934 -0.68690723
1548651934 -0.6839923
1548651934 -0.6763801
1548651934 -0.6901849
1548651934 -0.6873308
1548651934 -0.68433136
1548651935 -1.2715561
1548651935 -0.6996692
1548651935 -0.6960533
1548651935 -0.7016046
1548651935 -0.69800323
1548651935 -0.6942459
1548651935 -0.6863179
1548651935 -0.68245053
1548651935 -0.68679583
1548651935 -0.68297124
1548651935 -0.67898375
1548651936 -0.67483
1548651936 -0.6635614
1548651936 -0.6714794
1548651936 -0.66727394
1548651936 -0.66289604
1548651936 -0.6653838
1548651936 -0.6609799
1548651936 -0.65475696
1548651936 -0.6703985
1548651936 -0.663843
1548651936 -0.65652514
1548651936 -0.64891845
1548651937 -0.670541
1548651937 -0.6633286
1548651937 -0.6558303
1548651937 -0.64803654
1548651937 -0.6399385
1548651937 -0.6392816
1548651937 -0.6310711
1548651937 -0.6225441
1548651937 -0.63624424
1548651937 -0.62780166
1548651937 -0.61903447
1548651937 -0.60993344
1548651938 -0.60021436
1548651938 -0.5907097
1548651938 -0.60008794
1548651938 -0.59043324
1548651938 -0.58482194
1548651938 -0.57471687
1548651938 -0.5727296
1548651938 -0.562441
1548651938 -0.5528953
1548651938 -0.5430214
1548651938 -0.5552657
1548651939 -0.5454411
1548651939 -0.53528166
1548651939 -0.5247793
1548651939 -0.5123077
1548651939 -0.70131284
1548651939 -0.70644057
1548651939 -0.71747375
1548651939 -0.7413659
1548651939 -0.75559294
1548651939 -0.7766999
1548651939 -0.8006865
1548651940 -0.7887811
1548651940 -0.80646485
1548651940 -1.2874883
1548651940 -0.79664445
1548651940 -0.79694164
1548651940 -0.80454135
1548651940 -0.8280242
1548651940 -0.8010322
1548651940 -1.2900574
1548651940 -0.82387453
1548651940 -0.8223083
1548651940 -0.83552635
1548651941 -0.83848417
1548651941 -0.8383112
1548651941 -0.83249426
1548651941 -0.8375773
1548651941 -0.85575294
1548651941 -0.8605726
1548651941 -0.85984176
1548651941 -0.8673724
1548651941 -0.8757062
1548651941 -0.8728805
1548651941 -0.8735318
1548651942 -0.8841269
1548651942 -0.86563647
1548651942 -0.867922
1548651942 -0.8608864
1548651942 -0.8657584
1548651942 -0.8512109
1548651942 -0.84454376
1548651942 -0.84355736
1548651942 -0.8479337
1548651942 -0.8281922
1548651942 -0.83657676
1548651942 -0.81535107
1548651943 -0.82414705
1548651943 -0.8303819
1548651943 -0.8378298
1548651943 -0.83033246
1548651943 -0.84665
1548651943 -0.8292895
1548651943 -0.8346741
1548651943 -0.8154918
1548651943 -0.8193515
1548651943 -0.8170796
1548651943 -0.8120147
1548651944 -0.7908146
1548651944 -1.2550085
1548651944 -0.8103866
1548651944 -0.78832346
1548651944 -0.78175205
1548651944 -0.78069127
1548651944 -0.78330374
1548651944 -0.75591886
1548651944 -0.75167507
1548651944 -0.7213412
1548651944 -0.7118374
1548651944 -0.6975587
1548651945 -0.6849401
1548651945 -0.6908207
1548651945 -0.67799205
1548651945 -0.8430068
1548651945 -0.6894119
1548651945 -0.67972875
1548651945 -0.6891041
1548651945 -0.6839601
1548651945 -0.67864144
1548651945 -0.6731439
1548651946 -0.66746265
1548651946 -0.66449815
1548651946 -0.661553
1548651946 -0.65847844
1548651946 -0.6552723
1548651946 -0.65193194
1548651946 -0.64845467
1548651946 -0.64483804
1548651946 -0.6410791
1548651946 -0.6371752
1548651946 -0.61387306
1548651947 -0.6091182
1548651947 -0.60419744
1548651947 -0.59910715
1548651947 -0.5938432
1548651947 -0.588403
1548651947 -0.5844386
1548651947 -0.5824838
1548651947 -0.5803671
1548651947 -0.57808805
1548651947 -0.57564336
1548651947 -0.65044504
1548651948 -0.658722
1548651948 -0.6444872
1548651948 -0.6319193
1548651948 -0.630212
1548651948 -0.6190654
1548651948 -0.6164852
1548651948 -0.62391824
1548651948 -0.62763864
1548651948 -0.62771994
1548651948 -0.61462903
1548651948 -0.6101563
1548651948 -0.597865
1548651949 -0.60924214
1548651949 -0.590926
1548651949 -0.59256154
1548651949 -0.60174584
1548651949 -0.6020239
1548651949 -0.6046836
1548651949 -0.6026712
1548651949 -0.5883158
1548651949 -0.58193415
1548651949 -0.5671621
1548651949 -0.5595701
1548651950 -0.5567293
1548651950 -0.5575489
1548651950 -0.5421699
1548651950 -0.5521504
1548651950 -0.5653471
1548651950 -0.5585482
1548651950 -0.56883186
1548651950 -0.56369394
1548651950 -0.52714896
1548651950 -0.5068005
1548651950 -0.50501215
1548651950 -0.48706356
1548651951 -0.49922776
1548651951 -0.5148918
1548651951 -0.49724722
1548651951 -0.52473986
1548651951 -0.5504656
1548651951 -0.5560761
1548651951 -0.58497316
1548651951 -0.5832495
1548651951 -0.56674135
1548651951 -0.58065844
1548651951 -1.3772205
1548651952 -0.58921057
1548651952 -0.6007097
1548651952 -0.6135903
1548651952 -0.61725205
1548651952 -0.61910427
1548651952 -0.6250996
1548651952 -0.61661124
1548651952 -0.6284943
1548651952 -0.6282429
1548651952 -0.6091693
1548651952 -0.57013285
1548651952 -0.5686748
1548651953 -0.55768436
1548651953 -0.57625896
1548651953 -0.5662853
1548651953 -0.52745706
1548651953 -0.5378403
1548651953 -0.49584478
1548651953 -0.46358347
1548651953 -0.4461037
1548651953 -0.4258663
1548651953 -0.3974185
1548651953 -0.3983146
1548651954 -0.36320078
1548651954 -0.3258843
1548651954 -0.34446567
1548651954 -0.3130662
1548651954 -0.27593932
1548651954 -0.2616803
1548651954 -0.24029535
1548651954 -0.22354522
1548651954 -0.19847094
1548651954 -0.18667467
1548651954 -0.17454274
1548651954 -0.1609649
1548651955 -0.14287014
1548651955 -0.124344565
1548651955 -0.10539565
1548651955 -0.08603236
1548651955 -0.06626499
1548651955 -0.046106234
1548651955 -0.025569918
1548651955 -0.0046717776
1548651955 0.018424258
1548651955 0.041811015
1548651955 0.059469614
1548651956 0.075634114
1548651956 0.09199284
1548651956 0.10853495
1548651956 0.12372283
1548651956 0.13670817
1548651956 0.15357025
1548651956 0.15686497
1548651956 0.1418053
1548651956 0.122831285
1548651956 0.103832364
1548651956 0.08482245
1548651957 -0.8968546
1548651957 -0.89302355
1548651957 -0.8888878
1548651957 -0.8845656
1548651957 -0.8800574
1548651957 -0.8753549
1548651957 -0.87044954
1548651957 -0.8653328
1548651957 -0.876509
1548651957 -0.87151074
1548651957 -0.8695365
1548651958 -0.8644128
1548651958 -0.8625243
1548651958 -0.86694247
1548651958 -0.86181253
1548651958 -0.86603916
1548651958 -0.8683277
1548651958 -0.8633469
1548651958 -0.8689658
1548651958 -0.86383224
1548651958 -0.8719975
1548651958 -0.8753724
1548651958 -0.8705172
1548651959 -0.880165
1548651959 -0.87555736
1548651959 -0.8781271
1548651959 -0.8785203
1548651959 1.9322064
1548651959 -0.88214666
1548651959 -0.87741274
1548651959 -0.87991583
1548651959 -0.8751564
1548651959 -0.8862703
1548651959 -0.88173056
1548651960 -0.89056903
1548651960 -0.88609475
1548651960 -0.895786
1548651960 -0.8914825
1548651960 -0.8967194
1548651960 -0.9074348
1548651960 -0.9034592
1548651960 -0.9084409
1548651960 -0.90347904
1548651960 -0.9097615
1548651960 -0.90609884
1548651960 2.2452176
1548651961 -0.90840673
1548651961 -0.91145295
1548651961 -0.9211859
1548651961 -0.91771597
1548651961 -0.92419153
1548651961 -0.9208457
1548651961 -0.9209191
1548651961 -0.917484
1548651961 -0.92169034
1548651961 -0.91829896
1548651961 -0.9148823
1548651962 -0.91700405
1548651962 -0.92157954
1548651962 -0.91831213
1548651962 -0.91707546
1548651962 -0.91942304
1548651962 -0.9165511
1548651962 -0.91798186
1548651962 -0.9174633
1548651962 -0.91760314
1548651962 -0.920497
1548651962 -0.9253545
1548651962 -0.92876595
1548651963 -0.92592704
1548651963 -0.9294156
1548651963 -0.9265729
1548651963 -0.92688954
1548651963 -0.92729086
1548651963 -0.9244287
1548651963 -0.93113804
1548651963 1.4024484
1548651963 -0.9325642
1548651963 -0.9347459
1548651963 -0.93686223
1548651964 -0.93770975
1548651964 -0.9351776
1548651964 -0.9286975
1548651964 -0.9294477
1548651964 -0.9286765
1548651964 -0.93189234
1548651964 -0.92822444
1548651964 -0.9313681
1548651964 -0.939844
1548651964 -0.93735117
1548651964 -0.934764
1548651965 -0.92928
1548651965 -0.9326028
1548651965 -0.93728507
1548651965 -0.9347057
1548651965 -0.93224615
1548651965 -0.93336225
1548651965 -0.9316814
1548651965 -0.93296534
1548651965 -0.9367664
1548651965 -0.93421257
1548651965 -0.9385722
1548651966 -0.9360887
1548651966 -0.9406495
1548651966 -0.9382618
1548651966 -0.93882674
1548651966 -0.93673325
1548651966 -0.94025093
1548651966 -0.93786174
1548651966 -0.93515074
1548651966 -0.92895216
1548651966 -0.9378456
1548651966 -0.94374293
1548651967 -0.94186074
1548651967 -0.9432577
1548651967 -0.94134
1548651967 -0.94947004
1548651967 -0.9477393
1548651967 -0.9482846
1548651967 -0.9487725
1548651967 -0.9550945
1548651967 -0.95353866
1548651967 -0.9519125
1548651967 -0.9547603
1548651968 -0.9557454
1548651968 -0.9541771
1548651968 -0.957895
1548651968 -0.96020603
1548651968 -0.95879495
1548651968 -0.95800847
1548651968 -0.95940846
1548651968 -0.95799893
1548651968 -0.95923
1548651968 -0.96414083
1548651968 -0.96291035
1548651969 -0.9616239
1548651969 -0.9639083
1548651969 -0.9626645
1548651969 -0.9681962
1548651969 -0.9670863
1548651969 -0.9689952
1548651969 -0.96792006
1548651969 -0.97122115
1548651969 -0.9702218
1548651969 -0.9702604
1548651969 -0.97000676
1548651969 -0.9699455
1548651970 -0.9711096
1548651970 -0.97595274
1548651970 -0.97515047
1548651970 -0.97686595
1548651970 -0.9761131
1548651970 -0.97532976
1548651970 -0.97934496
1548651970 -0.97865665
1548651970 -0.9789202
1548651970 -0.98122007
1548651970 -0.98061895
1548651970 -0.9799935
1548651971 -0.9806299
1548651971 -0.9824147
1548651971 -0.98186004
1548651971 -0.9828202
1548651971 -0.9848807
1548651971 -0.9856247
1548651971 -0.98766506
1548651971 -0.9872619
1548651971 -0.9872717
1548651971 -0.9877431
1548651972 -0.98736125
1548651972 -0.9882388
1548651972 -0.98916173
1548651972 -0.98882574
1548651972 -0.98910266
1548651972 -0.99042195
1548651972 -0.99232715
1548651972 -0.9920774
1548651972 -0.9924476
1548651972 -0.99306333
1548651972 -0.9939083
1548651972 -0.99371016
1548651973 -0.9944147
1548651973 -0.99528974
1548651973 -0.9950343
1548651973 -0.9960085
1548651973 -0.99659723
1548651973 -0.99681437
1548651973 -0.9974599
1548651973 -0.9973437
1548651973 -0.9979693
1548651973 -0.99845016
1548651973 -0.99837154
1548651974 -0.9985076
1548651974 -0.9984318
1548651974 -0.99859357
1548651974 -0.99887323
1548651974 -0.99881536
1548651974 -0.9990077
1548651974 -0.99920475
1548651974 -0.99937487
1548651974 -0.9994227
1548651974 -0.999544
1548651974 -0.9995923
1548651975 -0.9996671
1548651975 -0.99973834
1548651975 -0.9998013
1548651975 -0.99979
1548651975 -0.9998342
1548651975 -0.99985546
1548651975 -0.9998943
1548651975 -0.9998881
1548651975 -0.99987847
1548651975 -0.9998989
1548651975 -0.9999194
1548651975 -0.9999384
1548651976 -0.9999348
1548651976 -0.9999529
1548651976 -0.9999663
1548651976 -0.9999642
1548651976 -0.9999734
1548651976 -0.9999776
1548651976 -0.99998206
1548651976 -0.99998415
1548651976 -0.99998564
1548651976 -0.99998724
1548651976 -0.9999884
1548651977 -0.9999907
1548651977 -0.99999154
1548651977 -0.9999926
1548651977 -0.99999344
1548651977 -0.99999523
1548651977 -0.9999962
1548651977 -0.9999957
1548651977 -0.999996
1548651977 -0.99999577
1548651977 -0.9999968
1548651977 -0.9999978
1548651978 -0.99999833
1548651978 -0.9999985
1548651978 -0.92945784
1548651978 -0.9267797
1548651978 -0.9239063
1548651978 -0.9208963
1548651978 -0.91772383
1548651978 -0.91409063
1548651978 -0.9102814
1548651978 -0.90628743
1548651978 -0.9020997
1548651979 -0.8977087
1548651979 -0.8931043
1548651979 2.271755
1548651979 -0.89919525
1548651979 -0.8998646
1548651979 -0.90679497
1548651979 -0.9024115
1548651979 -0.9050346
1548651979 -0.90521145
1548651979 -0.90074295
1548651979 -0.8983028
1548651980 -0.90374625
1548651980 -0.8992897
1548651980 -0.8986029
1548651980 -0.89402
1548651980 -0.89205354
1548651980 -0.8870268
1548651980 -0.88461614
1548651980 -0.8902493
1548651980 -0.8853844
1548651980 -0.9019556
1548651980 -0.8974948
1548651980 -0.90428245
1548651981 -0.89992625
1548651981 2.2556112
1548651981 -0.904634
1548651981 -0.90333056
1548651981 -0.89885265
1548651981 -0.89485407
1548651981 -0.9039467
1548651981 -0.90692633
1548651981 -0.90261734
1548651981 -0.9052132
1548651981 -0.90090024
1548651982 -0.90563285
1548651982 -0.9033052
1548651982 -0.91360795
1548651982 -0.90908504
1548651982 -0.905017
1548651982 2.120333
1548651982 -0.9100757
1548651982 -0.9052831
1548651982 -0.9157169
1548651982 -0.9278048
1548651982 -0.9243772
1548651982 -0.9347505
1548651983 -0.9315787
1548651983 -0.93697983
1548651983 -0.9462628
1548651983 -0.94353884
1548651983 -0.9406657
1548651983 -0.93763465
1548651983 -0.93845344
1548651983 -0.93751454
1548651983 -0.942341
1548651983 -0.94133186
1548651983 -0.9411518
1548651984 -0.94415295
1548651984 -0.9413741
1548651984 -0.9381058
1548651984 -0.94299626
1548651984 -0.9399538
1548651984 -0.9475533
1548651984 -0.94568276
1548651984 -0.943094
1548651984 -0.9440524
1548651984 -0.94975996
1548651984 -0.94735044
1548651985 -0.9507138
1548651985 -0.9483343
1548651985 -0.9467256
1548651985 -0.949295
1548651985 -0.94742924
1548651985 -0.9517828
1548651985 -0.9558834
1548651985 -0.95375866
1548651985 -0.9515213
1548651985 -0.95636564
1548651985 -0.95423263
1548651985 -0.95853287
1548651986 -0.9565025
1548651986 -0.9556903
1548651986 -0.95614165
1548651986 -0.9540639
1548651986 -0.95187753
1548651986 1.7165304
1548651986 -0.9499991
1548651986 -0.9480273
1548651986 -0.95325005
1548651986 -0.95299935
1548651986 -0.95793676
1548651987 -0.9558862
1548651987 -0.95814085
1548651987 -0.95611876
1548651987 -0.96227884
1548651987 -0.9604187
1548651987 -0.9584579
1548651987 -0.9595049
1548651987 -0.960026
1548651987 -0.95809346
1548651987 -0.9617519
1548651987 -0.9598899
1548651988 -0.96011615
1548651988 -0.95789987
1548651988 -0.9573847
1548651988 -0.95545185
1548651988 -0.95821285
1548651988 -0.95922136
1548651988 -0.96555924
1548651988 -0.96394986
1548651988 -0.9658998
1548651988 -0.96433336
1548651988 -0.96268636
1548651989 -0.9636696
1548651989 -0.9620071
1548651989 -0.9638815
1548651989 -0.96224535
1548651989 -0.9637905
1548651989 -0.9621569
1548651989 -0.96179605
1548651989 -0.9629293
1548651989 -0.9634903
1548651989 -0.9618891
1548651989 -0.96833307
1548651990 -0.96691895
1548651990 -0.96836215
1548651990 -0.966959
1548651990 -0.96884316
1548651990 -0.96746814
1548651990 -0.96970636
1548651990 -0.9729728
1548651990 -0.97158706
1548651990 -0.97543854
1548651990 -0.97703934
1548651990 -0.97584474
1548651991 -0.9782701
1548651991 -0.9771414
1548651991 -0.9793326
1548651991 -0.9782475
1548651991 -0.97758514
1548651991 -0.97886246
1548651991 -0.98307115
1548651991 -0.98217225
1548651991 -0.9855409
1548651991 -0.98475915
1548651991 -0.9874181
1548651991 -0.9867249
1548651992 -0.9894489
1548651992 -0.9888548
1548651992 -0.9891348
1548651992 0.96559846
1548651992 -0.9883377
1548651992 -0.98967385
1548651992 -0.9918142
1548651992 -0.9914604
1548651992 -0.99171627
1548651992 -0.99144
1548651992 -0.9917393
1548651993 -0.99260974
1548651993 -0.993066
1548651993 -0.99359226
1548651993 -0.99450624
1548651993 -0.9956224
1548651993 -0.9955582
1548651993 -0.9958258
1548651993 -0.9964851
1548651993 -0.9962672
1548651993 -0.9968119
1548651993 -0.9973147
1548651994 -0.9973902
1548651994 -0.9975076
1548651994 -0.99764085
1548651994 -0.9980214
1548651994 -0.9984789
1548651994 -0.9983735
1548651994 0.29143587
1548651994 -0.99826545
1548651994 -0.99846816
1548651994 -0.99855304
1548651994 -0.99867827
1548651995 -0.9987547
1548651995 -0.99894875
1548651995 -0.99901223
1548651995 -0.9991675
1548651995 -0.99929667
1548651995 -0.99941176
1548651995 -0.9994816
1548651995 -0.99954903
1548651995 -0.99959254
1548651995 -0.9996484
1548651996 -0.9996734
1548651996 -0.99970216
1548651996 -0.99970895
1548651996 -0.99973756
1548651996 -0.9388234
1548651996 -0.9453711
1548651996 -0.947141
1548651996 -0.9452961
1548651996 -0.951511
1548651996 -0.95236963
1548651997 -0.9493805
1548651997 -0.95613205
1548651997 -0.9622739
1548651997 -0.9602467
1548651997 -0.9651687
1548651997 -0.96326864
1548651997 -0.9672306
1548651997 -0.96543276
1548651997 -0.97055566
1548651997 -0.9689151
1548651997 1.3097341
1548651998 -0.9691595
1548651998 -0.9703028
1548651998 -0.9685887
1548651998 -0.9684721
1548651998 -0.96737003
1548651998 -0.971301
1548651998 -0.96965724
1548651998 -0.97404945
1548651998 -0.9724765
1548651998 -0.9734336
1548651998 -0.9718905
1548651999 -0.9731726
1548651999 -0.976716
1548651999 -0.97590876
1548651999 -0.97448033
1548651999 1.1950426
1548651999 -0.97174865
1548651999 -0.97324663
1548651999 -0.9755859
1548651999 -0.9739976
1548651999 -0.97595525
1548651999 -0.97451437
1548652000 -0.97511154
1548652000 -0.9736364
1548652000 -0.97453797
1548652000 -0.9730259
1548652000 -0.9726061
1548652000 -0.970995
1548652000 -0.9698947
1548652000 -0.9712839
1548652000 -0.972299
1548652000 -0.972078
1548652000 -0.97575694
1548652001 -0.9743211
1548652001 -0.9738193
1548652001 -0.9722852
1548652001 -0.9712328
1548652001 -0.9721105
1548652001 -0.97071105
1548652001 -0.97109663
1548652001 -0.97082
1548652001 -0.9691984
1548652001 -0.96805865
1548652002 -0.967291
1548652002 -0.96662164
1548652002 -0.9689988
1548652002 -0.9682381
1548652002 -0.9675192
1548652002 -0.96574396
1548652002 -0.96644175
1548652002 -0.96522754
1548652002 -0.9639624
1548652002 -0.96544266
1548652002 -0.96565586
1548652003 -0.9671868
1548652003 -0.96728295
1548652003 -0.96610785
1548652003 -0.9682774
1548652003 -0.96798843
1548652003 -0.9668435
1548652003 -0.9656512
1548652003 -0.9651798
1548652003 -0.9669312
1548652003 -0.9657489
1548652003 -0.9690359
1548652004 -0.9701887
1548652004 -0.97128433
1548652004 -0.97021544
1548652004 -0.9723359
1548652004 -0.9711142
1548652004 -0.97002465
1548652004 -0.97078836
1548652004 -0.9699208
1548652004 -0.96915066
1548652004 -0.9680611
1548652004 -0.9686377
1548652005 -0.96755457
1548652005 -0.97074986
1548652005 -0.96973383
1548652005 -0.9686753
1548652005 -0.9699906
1548652005 -0.9736155
1548652005 -0.9726839
1548652005 -0.9757408
1548652005 -0.9748734
1548652005 -0.97617847
1548652005 -0.976716
1548652006 -0.97587013
1548652006 -0.9753072
1548652006 -0.97794783
1548652006 -0.9772952
1548652006 -0.97949654
1548652006 -0.98123306
1548652006 -0.980587
1548652006 -0.9830194
1548652006 -0.98242295
1548652006 -0.9844441
1548652007 -0.9838951
1548652007 -0.98555017
1548652007 -0.9850401
1548652007 -0.9864821
1548652007 -0.98713446
1548652007 -0.9892514
1548652007 -0.98886067
1548652007 -0.9890699
1548652007 -0.9886781
1548652007 0.363589
1548652007 -0.98814756
1548652008 -0.98869336
1548652008 -0.9906911
1548652008 -0.99067074
1548652008 -0.99147457
1548652008 -0.99260396
1548652008 -0.99319214
1548652008 -0.9942624
1548652008 -0.9948456
1548652008 -0.9956785
1548652008 -0.99590856
1548652008 -0.9957468
1548652009 -0.995786
1548652009 -0.9958413
1548652009 -0.9963061
1548652009 -0.99616534
1548652009 -0.9965249
1548652009 -0.9969307
1548652009 -0.9973384
1548652009 -0.99739575
1548652009 -0.9976093
1548652009 -0.99785924
1548652009 -0.9982056
1548652010 -0.9799808
1548652010 -0.9789694
1548652010 -0.9778946
1548652010 -0.97675574
1548652010 -0.97555155
1548652010 -0.9738903
1548652010 -0.9725605
1548652010 -0.971155
1548652010 -0.9696987
1548652010 -0.97022027
1548652011 -0.9682199
1548652011 -0.97213453
1548652011 -0.970818
1548652011 -0.973593
1548652011 -0.9723481
1548652011 -0.97387487
1548652011 -0.97265697
1548652011 -0.97716236
1548652011 -0.9760774
1548652011 -0.9803179
1548652011 -0.97935855
1548652012 -0.9809277
1548652012 -0.9802788
1548652012 -0.9823243
1548652012 -0.98371947
1548652012 -0.9830102
1548652012 -0.98279303
1548652012 -0.9842192
1548652012 -0.98572433
1548652012 -0.98534924
1548652012 -0.986282
1548652012 -0.98738444
1548652013 -0.9869479
1548652013 -0.9883641
1548652013 -0.9899681
1548652013 -0.98961395
1548652013 -0.9904944
1548652013 -0.9901646
1548652013 -0.9898213
1548652013 -0.99006665
1548652013 -0.99025863
1548652013 -0.98992676
1548652014 -0.9914595
1548652014 -0.9924362
1548652014 -0.9931409
1548652014 -0.99290484
1548652014 -0.9935532
1548652014 -0.9933329
1548652014 -0.9934703
1548652014 -0.99405766
1548652014 -0.9938575
1548652014 -0.9947257
1548652014 -0.99522555
1548652015 -0.29153645
1548652015 -0.9951693
1548652015 -0.99590176
1548652015 -0.9960058
1548652015 -0.9965336
1548652015 -0.9967923
1548652015 -0.12563325
1548652015 -0.9972544
1548652015 -0.9974032
1548652015 -0.9979732
1548652015 -0.9982113
1548652016 -0.99845916
1548652016 -0.99861276
1548652016 -0.9986768
1548652016 -0.9988892
1548652016 -0.9990391
1548652016 -0.99918497
1548652016 -0.9992958
1548652016 -0.99944526
1548652016 -0.999512
1548652016 -0.99958205
1548652016 -0.9996353
1548652017 -0.99966806
1548652017 -0.9997139
1548652017 -0.999762
1548652017 -0.999773
1548652017 -0.999813
1548652017 -0.99982804
1548652017 -0.9998395
1548652017 -0.99985254
1548652017 -0.99987906
1548652017 -0.9998845
1548652017 -0.9999079
1548652018 -0.9999289
1548652018 -0.9999457
1548652018 -0.9999574
1548652018 -0.9999642
1548652018 -0.6788257
1548652018 -0.6838255
1548652018 -0.7164133
1548652018 -0.735465
1548652018 -0.7442244
1548652018 -0.7466424
1548652019 -0.76318055
1548652019 -0.7490998
1548652019 -0.7479162
1548652019 -0.7587475
1548652019 -0.744427
1548652019 -0.7437858
1548652019 -0.76106215
1548652019 -0.7849046
1548652019 -0.77200264
1548652019 -0.781719
1548652020 -0.7686463
1548652020 -0.76132697
1548652020 -0.7763537
1548652020 -0.7476448
1548652020 -0.7591006
1548652020 -0.77796334
1548652020 -0.84344053
1548652020 -0.7634211
1548652020 -0.7773281
1548652020 -0.79100215
1548652020 -0.7751385
1548652021 -0.7782484
1548652021 -0.7816332
1548652021 -0.80052704
1548652021 -0.7888712
1548652021 -0.7765707
1548652021 -0.7837619
1548652021 -0.7909522
1548652021 -0.7787656
1548652021 -0.772771
1548652021 -0.785329
1548652021 -0.80081123
1548652022 -0.7891706
1548652022 -0.79594654
1548652022 -0.78403944
1548652022 -0.7952232
1548652022 -0.7832809
1548652022 -0.7950378
1548652022 -0.78310686
1548652022 -0.7939797
1548652022 -0.7989484
1548652022 -0.7872324
1548652023 -0.778634
1548652023 -0.786159
1548652023 -0.7933675
1548652023 -0.79810506
1548652023 -0.8065332
1548652023 -0.7952438
1548652023 -0.7994528
1548652023 -0.78985274
1548652023 -0.794549
1548652023 -0.7988601
1548652024 -0.80321544
1548652024 -0.7985281
1548652024 -0.80963814
1548652024 -0.8056962
1548652024 -1.9178329
1548652024 -0.811539
1548652024 -0.80794656
1548652024 -0.80931723
1548652024 -0.80492705
1548652024 -0.8081908
1548652024 -0.78992206
1548652025 -0.7695211
1548652025 -0.76717645
1548652025 -0.77950233
1548652025 -0.76016563
1548652025 -0.7569403
1548652025 -0.75348574
1548652025 -0.7482013
1548652025 -0.7446491
1548652025 -0.7546177
1548652025 -0.75128525
1548652025 -0.74782264
1548652026 -0.74422705
1548652026 -0.7404941
1548652026 -0.7366208
1548652026 -0.73260224
1548652026 -0.7387424
1548652026 -0.7347992
1548652026 -0.73070955
1548652026 -0.7264691
1548652026 -0.72353774
1548652026 -0.72104853
1548652026 -0.7159323
1548652027 -0.7133271
1548652027 -0.71060294
1548652027 -0.7077571
1548652027 -0.7066093
1548652027 -0.70363754
1548652027 -0.70053875
1548652027 -0.6973106
1548652027 -0.6947888
1548652027 -0.6914608
1548652027 -0.68799776
1548652028 -0.67033017
1548652028 -0.6459758
1548652028 -0.6310006
1548652028 -0.6288899
1548652028 -0.6233601
1548652028 -0.60995334
1548652028 -0.6228029
1548652028 -0.6376027
1548652028 -1.3362868
1548652028 -0.63670015
1548652028 -0.6399549
1548652029 -0.6507026
1548652029 -0.66245013
1548652029 -0.69284487
1548652029 -0.6866645
1548652029 -0.71809936
1548652029 -0.73060936
1548652029 -0.73724955
1548652029 -0.75105166
1548652029 -0.77514046
1548652029 -0.7891671
1548652030 -0.77657264
1548652030 -0.80102015
1548652030 -0.7890765
1548652030 -0.80684704
1548652030 -0.79523677
1548652030 -0.80258614
1548652030 -0.81071335
1548652030 -0.80778855
1548652030 -0.82030416
1548652030 -0.82516086
1548652030 -0.83815455
1548652031 -0.840836
1548652031 -0.8376893
1548652031 -0.84410155
1548652031 -0.8221304
1548652031 -0.82923394
1548652031 -0.8085421
1548652031 -0.78362226
1548652031 -0.78818184
1548652031 -0.8031063
1548652031 -0.7771649
1548652032 -0.79124904
1548652032 -0.7678251
1548652032 -0.7809384
1548652032 -0.7555626
1548652032 -0.7714855
1548652032 -0.7440157
1548652032 -0.79228365
1548652032 -0.7556848
1548652032 -0.759769
1548652032 -0.74564993
1548652033 -0.7307697
1548652033 -0.71509945
1548652033 -0.7064857
1548652033 -0.7007605
1548652033 -0.69574004
1548652033 -0.69054055
1548652033 -0.68515766
1548652033 -0.6793998
1548652033 -0.67373896
1548652033 -0.66788185
1548652033 -0.66182244
1548652034 -0.65555584
1548652034 -0.649076
1548652034 -0.65994364
1548652034 -0.6544754
1548652034 -0.65043104
1548652034 -0.6462311
1548652034 -0.6418717
1548652034 -0.63734925
1548652034 -0.63266027
1548652034 -0.62780106
1548652035 -0.6227673
1548652035 -0.6175555
1548652035 -0.60108954
1548652035 -0.6110359
1548652035 -0.605619
1548652035 -0.60001475
1548652035 -0.5942191
1548652035 -0.5882277
1548652035 -0.58203626
1548652035 -0.5756403
1548652035 -0.57056475
1548652036 -0.5668304
1548652036 -0.57737535
1548652036 -0.57355773
1548652036 -0.5688138
1548652036 -0.5547961
1548652036 -0.5470103
1548652036 -0.53892046
1548652036 -0.5304294
1548652036 -0.5219366
1548652036 -0.51312345
1548652036 -0.5138743
1548652037 -0.5049849
1548652037 -0.49564677
1548652037 -0.48509058
1548652037 -0.474165
1548652037 -0.46286193
1548652037 -0.45057055
1548652037 -0.43775892
1548652037 -0.4245244
1548652037 -0.41144976
1548652037 -0.40000546
1548652038 -0.3882241
1548652038 -0.377812
1548652038 -0.37451744
1548652038 -0.37102315
1548652038 -0.3673269
1548652038 -0.9867185
1548652038 -0.98606694
1548652038 -0.98538846
1548652038 -0.9850086
1548652038 -0.98427963
1548652039 -0.9858121
1548652039 -0.98511636
1548652039 -0.98411685
1548652039 -0.983036
1548652039 -0.98517615
1548652039 -0.98615146
1548652039 -0.98548484
1548652039 -0.98480386
1548652039 -0.9863656
1548652039 -0.9875836
1548652040 -0.9889466
1548652040 -0.98884416
1548652040 -0.9884656
1548652040 -0.990121
1548652040 -0.9902302
1548652040 -0.99178123
1548652040 -0.9913902
1548652040 -0.99179024
1548652040 -0.99153686
1548652040 -0.9913717
1548652040 -0.9923356
1548652041 -0.9921127
1548652041 -0.9931553
1548652041 -0.9931542
1548652041 -0.9937322
1548652041 -0.99351555
1548652041 -0.9942719
1548652041 -0.99473476
1548652041 -0.99534124
1548652041 -0.9960438
1548652041 -0.9966001
1548652042 -0.9964749
1548652042 -0.9963584
1548652042 -0.996699
1548652042 -0.99709755
1548652042 -0.9973701
1548652042 -0.99728227
1548652042 -0.9976148
1548652042 -0.9979191
1548652042 -0.9982231
1548652042 -0.9985336
1548652042 -0.9986962
1548652043 -0.9988297
1548652043 -0.99895674
1548652043 -0.9991139
1548652043 -0.9991333
1548652043 -0.99926656
1548652043 -0.99937093
1548652043 -0.99940217
1548652043 -0.9994759
1548652043 -0.99949867
1548652043 -0.9995665
1548652044 -0.9995921
1548652044 -0.9996719
1548652044 -0.9997163
1548652044 -0.9997478
1548652044 -0.99978346
1548652044 -0.9997786
1548652044 -0.9998036
1548652044 -0.9998407
1548652044 -1.7263862
1548652044 -0.99987465
1548652044 -0.9999007
1548652045 -0.99991643
1548652045 -0.9999277
1548652045 -0.9999381
1548652045 -0.99994516
1548652045 -0.9999535
1548652045 -0.9999619
1548652045 -0.9999657
1548652045 -0.9999725
1548652045 -0.7029437
1548652045 -0.7017229
1548652046 -0.7075422
1548652046 -0.7019558
1548652046 -0.7085922
1548652046 -0.71190274
1548652046 -0.70627165
1548652046 -0.7027607
1548652046 -0.6911895
1548652046 -0.6818955
1548652046 -0.6832581
1548652046 -0.677182
1548652047 -0.68332803
1548652047 -0.675306
1548652047 -0.66055274
1548652047 -0.64972055
1548652047 -0.650217
1548652047 -0.6409116
1548652047 -0.6401714
1548652047 -1.9838562
1548652047 -0.6473934
1548652047 -0.6412447
1548652048 -0.6460452
1548652048 -0.6405259
1548652048 -0.6378211
1548652048 -0.64077497
1548652048 -0.63784075
1548652048 -0.6436897
1548652048 -0.6457849
1548652048 -0.6516517
1548652048 -0.6518006
1548652048 -0.6618122
1548652049 -0.6850005
1548652049 -0.6808609
1548652049 -0.69539046
1548652049 -2.5114758
1548652049 -0.7160155
1548652049 -0.71618396
1548652049 -0.7284386
1548652049 -0.74514
1548652049 -0.7625961
1548652049 -0.7406376
1548652050 -0.75417775
1548652050 -0.75335974
1548652050 -0.75004107
1548652050 -0.7579376
1548652050 -0.7681645
1548652050 -0.7667919
1548652050 -0.7630831
1548652050 -0.76436937
1548652050 -0.74426854
1548652050 -0.7236792
1548652051 -0.7257074
1548652051 -2.1178007
1548652051 -0.71609926
1548652051 -0.69663143
1548652051 -0.67449164
1548652051 -0.682249
1548652051 -0.6570839
1548652051 -0.6277835
1548652051 -0.59757733
1548652051 -0.5794154
1548652052 -0.55105793
1548652052 -0.545983
1548652052 -0.5391379
1548652052 -0.498926
1548652052 -0.45880634
1548652052 -0.44189638
1548652052 -0.40050653
1548652052 -0.3686836
1548652052 -0.36734882
1548652052 -0.33601147
1548652053 -0.30192593
1548652053 -0.27247748
1548652053 -0.24455306
1548652053 -0.20868756
1548652053 0.32235134
1548652053 -0.16409126
1548652053 0.0519943
1548652053 0.32284907
1548652053 -0.1483639
1548652053 -0.20824927
1548652054 -0.5915896
1548652054 -0.6828941
1548652054 -1.1461084
1548652054 -0.13569441
1548652054 -0.12112156
1548652054 -1.0340884
1548652054 -0.10778845
1548652054 -1.2614518
1548652054 -1.1750923
1548652054 -1.6883036
1548652055 -0.11783921
1548652055 -0.10853024
1548652055 -1.5400491
1548652055 -2.0944529
1548652055 -1.9205434
1548652055 -2.3215172
1548652055 -2.4077377
1548652055 -2.4161172
1548652055 -2.5705535
1548652055 -2.80459
1548652056 -3.2629106
1548652056 -3.2936475
1548652056 -3.2647383
1548652056 -3.7779572
1548652056 -3.7954795
1548652056 -4.2193575
1548652056 -4.437876
1548652056 -4.6085763
1548652056 -446.2632
1548652056 -0.9879441
1548652057 -0.98735523
1548652057 -0.98675823
1548652057 -0.98612815
1548652057 -0.98546433
1548652057 -0.9847652
1548652057 -0.98402804
1548652057 -0.98326075
1548652057 -0.9830771
1548652057 -0.982796
1548652057 -0.98203623
1548652058 -0.9818697
1548652058 -0.98250806
1548652058 -0.9823446
1548652058 -0.983587
1548652058 -0.98343706
1548652058 -0.98307794
1548652058 -0.98533887
1548652058 -0.9848589
1548652058 -0.9863708
1548652058 -0.9859177
1548652059 -0.98702866
1548652059 -0.98747265
1548652059 -0.9891661
1548652059 -0.9905655
1548652059 -0.9901612
1548652059 -0.99027103
1548652059 -0.98993266
1548652059 -0.99027777
1548652059 -0.9907985
1548652059 -0.99109817
1548652059 -0.9922004
1548652060 -0.99310124
1548652060 -0.99354243
1548652060 -0.99451226
1548652060 -0.9943136
1548652060 -0.9951332
1548652060 -0.9949568
1548652060 -0.9957459
1548652060 -0.9963705
1548652060 -0.9962365
1548652060 -0.9965109
1548652061 -0.99638397
1548652061 -0.9966633
1548652061 -0.9969209
1548652061 -0.9973529
1548652061 -0.9977039
1548652061 -0.9981188
1548652061 -0.9983789
1548652061 -0.99831575
1548652061 -0.99863374
1548652061 -0.9988766
1548652062 -0.9990031
1548652062 -0.9990273
1548652062 -0.9991471
1548652062 -0.9991913
1548652062 -0.99924284
1548652062 -0.104226604
1548652062 -0.9992624
1548652062 -0.9994
1548652062 -0.9994561
1548652062 -0.999508
1548652063 -0.999537
1548652063 -0.99961126
1548652063 -0.9996553
1548652063 -0.99969256
1548652063 -0.9997304
1548652063 -0.26114306
1548652063 -0.999745
1548652063 -0.9997643
1548652063 -0.9997912
1548652063 -0.99979424
1548652064 -0.9998137
1548652064 -0.9998278
1548652064 -0.99984866
1548652064 -0.9998589
1548652064 -0.99987334
1548652064 -0.9998914
1548652064 -0.99990386
1548652064 -0.99991137
1548652064 -0.64480776
1548652065 -0.63338643
1548652065 -0.61801517
1548652065 -0.6243644
1548652065 -0.6122082
1548652065 -0.6134099
1548652065 -0.59963834
1548652065 -0.6066625
1548652065 -1.674663
1548652065 -0.61229867
1548652065 -0.6122017
1548652066 -0.62004817
1548652066 -1.8111587
1548652066 -0.6299714
1548652066 -2.0504768
1548652066 -0.6598175
1548652066 -0.6597047
1548652066 -0.6684498
1548652066 -0.66438675
1548652066 -0.6531975
1548652066 -0.66183597
1548652067 -0.6613683
1548652067 -0.6793064
1548652067 -0.6755287
1548652067 -0.67017144
1548652067 -0.67615503
1548652067 -0.6817427
1548652067 -0.67812365
1548652067 -0.67233133
1548652067 -0.6976561
1548652067 -0.67307746
1548652068 -0.66479236
1548652068 -0.67503667
1548652068 -0.6715927
1548652068 -0.67755425
1548652068 -0.6905382
1548652068 -0.6952707
1548652068 -0.7050543
1548652068 -0.71274847
1548652068 -0.7205161
1548652068 -0.73213875
1548652069 -0.7139805
1548652069 -0.69521296
1548652069 -0.67689246
1548652069 -0.6501037
1548652069 -0.625288
1548652069 -0.5945329
1548652069 -0.60189855
1548652069 -0.5747801
1548652069 -0.53872496
1548652069 -0.51345557
1548652070 -0.48090744
1548652070 -0.44935045
1548652070 -0.41087514
1548652070 -0.40790954
1548652070 -0.3668682
1548652070 -0.34191096
1548652070 -0.30337042
1548652070 -0.2725905
1548652070 -0.23719123
1548652070 0.4392557
1548652071 0.35387903
1548652071 0.050847292
1548652071 0.00046881684
1548652071 -0.13627866
1548652071 -0.170835
1548652071 -0.7211242
1548652071 -0.4530556
1548652071 -0.15789762
1548652071 -0.81100184
1548652071 -0.67892665
1548652072 -0.7313094
1548652072 -1.3925563
1548652072 -0.14708193
1548652072 -1.3528401
1548652072 -0.13481641
1548652072 -0.12496219
1548652072 -0.11692413
1548652072 -0.10947726
1548652072 -0.10153531
1548652072 -0.09286967
1548652073 -0.08389038
1548652073 -0.07459717
1548652073 -0.06278713
1548652073 -0.05245259
1548652073 -0.04415102
