1548650972 3
1548650972 3
1548650972 3
1548650972 2
1548650972 3
1548650972 3
1548650972 3
1548650972 3
1548650972 3
1548650973 0
1548650973 3
1548650973 2
1548650973 3
1548650973 3
1548650973 3
1548650973 3
1548650973 3
1548650973 3
1548650973 3
1548650973 3
1548650973 3
1548650973 3
1548650973 3
1548650973 3
1548650973 3
1548650973 3
1548650973 3
1548650974 3
1548650974 3
1548650974 3
1548650974 1
1548650974 3
1548650974 3
1548650974 3
1548650974 3
1548650974 3
1548650974 3
1548650974 3
1548650974 3
1548650974 3
1548650974 3
1548650974 3
1548650974 3
1548650974 3
1548650974 3
1548650975 3
1548650975 3
1548650975 3
1548650975 3
1548650975 3
1548650975 3
1548650975 3
1548650975 2
1548650975 3
1548650975 3
1548650975 3
1548650975 3
1548650975 3
1548650975 3
1548650975 3
1548650975 3
1548650976 3
1548650976 3
1548650976 3
1548650976 1
1548650976 3
1548650976 3
1548650976 3
1548650976 3
1548650976 0
1548650976 1
1548650976 2
1548650976 3
1548650976 3
1548650976 3
1548650976 3
1548650976 3
1548650977 3
1548650977 1
1548650977 3
1548650977 3
1548650977 3
1548650977 3
1548650977 3
1548650977 3
1548650977 3
1548650977 3
1548650977 3
1548650977 3
1548650977 3
1548650977 3
1548650977 3
1548650977 3
1548650977 3
1548650978 3
1548650978 3
1548650978 3
1548650978 3
1548650978 3
1548650978 3
1548650978 3
1548650978 3
1548650978 3
1548650978 3
1548650978 3
1548650978 3
1548650978 3
1548650978 3
1548650978 3
1548650978 3
1548650979 3
1548650979 3
1548650979 3
1548650979 3
1548650979 3
1548650979 3
1548650979 3
1548650979 3
1548650979 3
1548650979 3
1548650979 3
1548650979 3
1548650979 3
1548650979 3
1548650979 3
1548650979 3
1548650979 3
1548650980 3
1548650980 3
1548650980 3
1548650980 3
1548650980 3
1548650980 3
1548650980 3
1548650980 3
1548650980 3
1548650980 3
1548650980 3
1548650980 3
1548650980 3
1548650980 3
1548650980 3
1548650980 3
1548650981 3
1548650981 3
1548650981 3
1548650981 3
1548650981 3
1548650981 3
1548650981 3
1548650981 3
1548650981 3
1548650981 3
1548650981 3
1548650981 3
1548650981 3
1548650981 3
1548650981 3
1548650981 3
1548650982 3
1548650982 3
1548650982 3
1548650982 3
1548650982 3
1548650982 3
1548650982 1
1548650982 3
1548650982 3
1548650982 3
1548650982 3
1548650982 3
1548650982 3
1548650982 3
1548650982 3
1548650982 3
1548650983 3
1548650983 0
1548650983 1
1548650983 3
1548650983 3
1548650983 3
1548650983 3
1548650983 3
1548650983 3
1548650983 3
1548650983 3
1548650983 3
1548650983 3
1548650983 3
1548650983 3
1548650983 3
1548650984 3
1548650984 3
1548650984 3
1548650984 3
1548650984 3
1548650984 1
1548650984 3
1548650984 3
1548650984 3
1548650984 3
1548650984 3
1548650984 3
1548650984 3
1548650984 3
1548650984 3
1548650984 3
1548650985 3
1548650985 3
1548650985 3
1548650985 3
1548650985 3
1548650985 3
1548650985 3
1548650985 3
1548650985 3
1548650985 3
1548650985 2
1548650985 3
1548650985 3
1548650985 3
1548650985 3
1548650985 3
1548650986 3
1548650986 3
1548650986 3
1548650986 2
1548650986 1
1548650986 1
1548650986 3
1548650986 1
1548650986 1
1548650986 1
1548650986 1
1548650986 1
1548650986 1
1548650986 1
1548650986 1
1548650986 0
1548650987 3
1548650987 1
1548650987 2
1548650987 1
1548650987 1
1548650987 3
1548650987 1
1548650987 1
1548650987 1
1548650987 1
1548650987 1
1548650987 1
1548650987 1
1548650987 1
1548650987 1
1548650988 1
1548650988 1
1548650988 1
1548650988 1
1548650988 1
1548650988 1
1548650988 3
1548650988 1
1548650988 1
1548650988 1
1548650988 1
1548650988 1
1548650988 1
1548650988 1
1548650988 1
1548650988 1
1548650989 1
1548650989 1
1548650989 1
1548650989 1
1548650989 1
1548650989 1
1548650989 1
1548650989 1
1548650989 1
1548650989 1
1548650989 1
1548650989 1
1548650989 1
1548650989 1
1548650989 1
1548650989 1
1548650990 1
1548650990 1
1548650990 1
1548650990 1
1548650990 1
1548650990 1
1548650990 2
1548650990 1
1548650990 1
1548650990 1
1548650990 1
1548650990 1
1548650990 1
1548650990 1
1548650990 0
1548650990 1
1548650991 1
1548650991 1
1548650991 2
1548650991 1
1548650991 1
1548650991 1
1548650991 1
1548650991 3
1548650991 3
1548650991 3
1548650991 3
1548650991 3
1548650991 3
1548650991 3
1548650991 3
1548650992 3
1548650992 3
1548650992 3
1548650992 3
1548650992 3
1548650992 3
1548650992 3
1548650992 0
1548650992 3
1548650992 3
1548650992 3
1548650992 3
1548650992 3
1548650992 3
1548650992 3
1548650992 3
1548650993 3
1548650993 3
1548650993 3
1548650993 3
1548650993 3
1548650993 3
1548650993 3
1548650993 3
1548650993 3
1548650993 3
1548650993 3
1548650993 3
1548650993 3
1548650993 3
1548650993 3
1548650993 3
1548650994 3
1548650994 3
1548650994 3
1548650994 2
1548650994 1
1548650994 1
1548650994 1
1548650994 1
1548650994 1
1548650994 1
1548650994 1
1548650994 1
1548650994 1
1548650994 3
1548650994 3
1548650994 3
1548650995 2
1548650995 3
1548650995 3
1548650995 3
1548650995 3
1548650995 3
1548650995 3
1548650995 3
1548650995 3
1548650995 3
1548650995 3
1548650995 3
1548650995 3
1548650995 2
1548650995 3
1548650996 3
1548650996 3
1548650996 3
1548650996 3
1548650996 3
1548650996 3
1548650996 3
1548650996 3
1548650996 3
1548650996 3
1548650996 3
1548650996 3
1548650996 3
1548650996 3
1548650996 3
1548650996 3
1548650997 3
1548650997 3
1548650997 3
1548650997 3
1548650997 3
1548650997 3
1548650997 3
1548650997 3
1548650997 3
1548650997 3
1548650997 3
1548650997 3
1548650997 3
1548650997 3
1548650997 3
1548650997 3
1548650998 0
1548650998 3
1548650998 3
1548650998 2
1548650998 3
1548650998 3
1548650998 3
1548650998 2
1548650998 3
1548650998 3
1548650998 2
1548650998 1
1548650998 3
1548650998 3
1548650998 3
1548650999 3
1548650999 3
1548650999 3
1548650999 3
1548650999 3
1548650999 3
1548650999 3
1548650999 3
1548650999 3
1548650999 3
1548650999 3
1548650999 3
1548650999 3
1548650999 3
1548650999 3
1548650999 3
1548651000 3
1548651000 3
1548651000 3
1548651000 3
1548651000 3
1548651000 3
1548651000 3
1548651000 3
1548651000 3
1548651000 3
1548651000 3
1548651000 3
1548651000 3
1548651000 3
1548651000 3
1548651001 3
1548651001 1
1548651001 3
1548651001 3
1548651001 3
1548651001 3
1548651001 3
1548651001 3
1548651001 3
1548651001 3
1548651001 3
1548651001 3
1548651001 3
1548651001 3
1548651001 3
1548651001 3
1548651002 3
1548651002 3
1548651002 3
1548651002 3
1548651002 3
1548651002 3
1548651002 3
1548651002 3
1548651002 3
1548651002 3
1548651002 3
1548651002 3
1548651002 3
1548651002 3
1548651002 3
1548651003 3
1548651003 3
1548651003 3
1548651003 3
1548651003 3
1548651003 3
1548651003 1
1548651003 1
1548651003 1
1548651003 0
1548651003 1
1548651003 1
1548651003 1
1548651003 1
1548651003 1
1548651004 1
1548651004 1
1548651004 1
1548651004 1
1548651004 1
1548651004 1
1548651004 1
1548651004 1
1548651004 1
1548651004 1
1548651004 1
1548651004 1
1548651004 3
1548651004 3
1548651004 3
1548651005 3
1548651005 3
1548651005 1
1548651005 1
1548651005 3
1548651005 0
1548651005 3
1548651005 0
1548651005 3
1548651005 3
1548651005 3
1548651005 3
1548651005 3
1548651005 3
1548651005 3
1548651006 3
1548651006 3
1548651006 0
1548651006 3
1548651006 3
1548651006 3
1548651006 3
1548651006 3
1548651006 3
1548651006 3
1548651006 3
1548651006 3
1548651006 3
1548651006 3
1548651006 3
1548651007 3
1548651007 3
1548651007 3
1548651007 3
1548651007 0
1548651007 3
1548651007 0
1548651007 3
1548651007 3
1548651007 3
1548651007 3
1548651007 3
1548651007 3
1548651007 3
1548651007 3
1548651008 3
1548651008 3
1548651008 3
1548651008 3
1548651008 3
1548651008 3
1548651008 3
1548651008 3
1548651008 3
1548651008 3
1548651008 3
1548651008 3
1548651008 3
1548651008 3
1548651008 3
1548651009 3
1548651009 3
1548651009 3
1548651009 3
1548651009 3
1548651009 3
1548651009 3
1548651009 1
1548651009 3
1548651009 3
1548651009 3
1548651009 3
1548651009 3
1548651009 3
1548651009 3
1548651010 3
1548651010 3
1548651010 3
1548651010 3
1548651010 3
1548651010 3
1548651010 3
1548651010 3
1548651010 3
1548651010 3
1548651010 3
1548651010 3
1548651010 3
1548651010 3
1548651010 3
1548651011 3
1548651011 3
1548651011 3
1548651011 3
1548651011 1
1548651011 3
1548651011 0
1548651011 3
1548651011 3
1548651011 3
1548651011 3
1548651011 3
1548651011 3
1548651011 0
1548651012 0
1548651012 3
1548651012 0
1548651012 0
1548651012 3
1548651012 0
1548651012 3
1548651012 3
1548651012 3
1548651012 3
1548651012 3
1548651012 3
1548651012 3
1548651012 3
1548651012 3
1548651013 3
1548651013 3
1548651013 3
1548651013 3
1548651013 3
1548651013 3
1548651013 3
1548651013 3
1548651013 3
1548651013 3
1548651013 3
1548651013 3
1548651013 3
1548651013 3
1548651013 3
1548651014 3
1548651014 2
1548651014 3
1548651014 1
1548651014 1
1548651014 1
1548651014 1
1548651014 3
1548651014 3
1548651014 3
1548651014 3
1548651014 3
1548651014 3
1548651014 3
1548651015 3
1548651015 0
1548651015 3
1548651015 3
1548651015 3
1548651015 3
1548651015 3
1548651015 3
1548651015 3
1548651015 3
1548651015 3
1548651015 3
1548651015 3
1548651015 3
1548651015 3
1548651016 3
1548651016 3
1548651016 3
1548651016 0
1548651016 3
1548651016 3
1548651016 3
1548651016 3
1548651016 3
1548651016 3
1548651016 3
1548651016 3
1548651016 3
1548651016 3
1548651016 3
1548651017 3
1548651017 3
1548651017 3
1548651017 3
1548651017 3
1548651017 3
1548651017 3
1548651017 3
1548651017 3
1548651017 3
1548651017 3
1548651017 3
1548651017 3
1548651017 3
1548651017 3
1548651018 0
1548651018 3
1548651018 3
1548651018 3
1548651018 3
1548651018 3
1548651018 2
1548651018 3
1548651018 3
1548651018 0
1548651018 3
1548651018 3
1548651018 3
1548651018 3
1548651019 3
1548651019 3
1548651019 3
1548651019 3
1548651019 3
1548651019 3
1548651019 3
1548651019 3
1548651019 3
1548651019 3
1548651019 3
1548651019 3
1548651019 3
1548651019 1
1548651019 1
1548651020 1
1548651020 1
1548651020 1
1548651020 1
1548651020 1
1548651020 1
1548651020 3
1548651020 3
1548651020 3
1548651020 3
1548651020 3
1548651020 3
1548651020 3
1548651020 3
1548651021 3
1548651021 3
1548651021 3
1548651021 3
1548651021 3
1548651021 3
1548651021 3
1548651021 3
1548651021 3
1548651021 3
1548651021 3
1548651021 3
1548651021 3
1548651021 3
1548651021 3
1548651022 3
1548651022 3
1548651022 3
1548651022 3
1548651022 3
1548651022 3
1548651022 3
1548651022 3
1548651022 3
1548651022 3
1548651022 3
1548651022 3
1548651022 3
1548651022 0
1548651023 0
1548651023 3
1548651023 0
1548651023 0
1548651023 0
1548651023 0
1548651023 0
1548651023 3
1548651023 3
1548651023 3
1548651023 3
1548651023 3
1548651023 3
1548651023 3
1548651023 3
1548651024 3
1548651024 3
1548651024 3
1548651024 3
1548651024 3
1548651024 3
1548651024 3
1548651024 2
1548651024 3
1548651024 3
1548651024 3
1548651024 3
1548651024 3
1548651025 3
1548651025 3
1548651025 3
1548651025 3
1548651025 3
1548651025 3
1548651025 3
1548651025 3
1548651025 3
1548651025 1
1548651025 1
1548651025 1
1548651025 1
1548651026 1
1548651026 1
1548651026 1
1548651026 0
1548651026 3
1548651026 3
1548651026 3
1548651026 3
1548651026 3
1548651026 3
1548651026 3
1548651026 3
1548651026 3
1548651027 3
1548651027 3
1548651027 3
1548651027 3
1548651027 3
1548651027 3
1548651027 3
1548651027 3
1548651027 3
1548651027 3
1548651027 1
1548651027 3
1548651027 3
1548651027 3
1548651028 3
1548651028 3
1548651028 3
1548651028 3
1548651028 1
1548651028 3
1548651028 0
1548651028 0
1548651028 0
1548651028 0
1548651028 3
1548651028 3
1548651028 0
1548651028 0
1548651029 3
1548651029 3
1548651029 3
1548651029 3
1548651029 3
1548651029 3
1548651029 3
1548651029 3
1548651029 3
1548651029 3
1548651029 3
1548651029 3
1548651030 3
1548651030 3
1548651030 3
1548651030 3
1548651030 3
1548651030 3
1548651030 3
1548651030 3
1548651030 3
1548651030 3
1548651030 3
1548651030 0
1548651030 3
1548651030 3
1548651031 3
1548651031 3
1548651031 3
1548651031 3
1548651031 3
1548651031 3
1548651031 3
1548651031 3
1548651031 3
1548651031 3
1548651031 3
1548651031 3
1548651031 3
1548651031 3
1548651032 3
1548651032 3
1548651032 3
1548651032 3
1548651032 3
1548651032 0
1548651032 0
1548651032 3
1548651032 0
1548651032 3
1548651032 3
1548651032 0
1548651032 3
1548651032 0
1548651033 3
1548651033 3
1548651033 3
1548651033 3
1548651033 3
1548651033 3
1548651033 3
1548651033 3
1548651033 3
1548651033 3
1548651033 3
1548651033 3
1548651033 3
1548651034 3
1548651034 3
1548651034 3
1548651034 3
1548651034 3
1548651034 3
1548651034 3
1548651034 3
1548651034 3
1548651034 0
1548651034 3
1548651034 3
1548651034 3
1548651034 3
1548651035 3
1548651035 3
1548651035 3
1548651035 3
1548651035 3
1548651035 2
1548651035 3
1548651035 3
1548651035 3
1548651035 3
1548651035 3
1548651035 3
1548651035 3
1548651035 3
1548651036 3
1548651036 3
1548651036 3
1548651036 3
1548651036 3
1548651036 3
1548651036 3
1548651036 1
1548651036 1
1548651036 3
1548651036 3
1548651036 3
1548651036 3
1548651036 3
1548651037 3
1548651037 3
1548651037 3
1548651037 3
1548651037 3
1548651037 3
1548651037 3
1548651037 3
1548651037 3
1548651037 3
1548651037 3
1548651037 3
1548651037 3
1548651038 0
1548651038 3
1548651038 3
1548651038 3
1548651038 3
1548651038 3
1548651038 3
1548651038 1
1548651038 3
1548651038 3
1548651038 3
1548651038 3
1548651038 3
1548651038 3
1548651039 3
1548651039 3
1548651039 1
1548651039 3
1548651039 3
1548651039 3
1548651039 3
1548651039 3
1548651039 3
1548651039 3
1548651039 3
1548651039 3
1548651039 3
1548651039 3
1548651040 3
1548651040 3
1548651040 3
1548651040 3
1548651040 3
1548651040 3
1548651040 3
1548651040 3
1548651040 3
1548651040 3
1548651040 3
1548651040 3
1548651040 3
1548651040 3
1548651041 0
1548651041 0
1548651041 0
1548651041 0
1548651041 3
1548651041 3
1548651041 3
1548651041 0
1548651041 3
1548651041 2
1548651041 3
1548651041 3
1548651041 3
1548651041 1
1548651042 3
1548651042 3
1548651042 3
1548651042 3
1548651042 3
1548651042 3
1548651042 3
1548651042 3
1548651042 3
1548651042 3
1548651042 3
1548651042 3
1548651042 3
1548651042 3
1548651043 3
1548651043 3
1548651043 3
1548651043 3
1548651043 3
1548651043 3
1548651043 3
1548651043 3
1548651043 3
1548651043 3
1548651043 3
1548651043 3
1548651043 3
1548651044 3
1548651044 3
1548651044 3
1548651044 3
1548651044 3
1548651044 3
1548651044 3
1548651044 3
1548651044 3
1548651044 3
1548651044 3
1548651044 3
1548651044 3
1548651044 3
1548651045 3
1548651045 3
1548651045 3
1548651045 3
1548651045 3
1548651045 0
1548651045 0
1548651045 0
1548651045 0
1548651045 0
1548651045 3
1548651045 3
1548651045 0
1548651046 3
1548651046 3
1548651046 3
1548651046 3
1548651046 0
1548651046 3
1548651046 3
1548651046 3
1548651046 3
1548651046 3
1548651046 3
1548651046 3
1548651046 3
1548651046 3
1548651047 3
1548651047 3
1548651047 1
1548651047 3
1548651047 3
1548651047 3
1548651047 3
1548651047 3
1548651047 3
1548651047 3
1548651047 3
1548651047 3
1548651047 3
1548651048 3
1548651048 3
1548651048 3
1548651048 3
1548651048 3
1548651048 3
1548651048 3
1548651048 3
1548651048 3
1548651048 3
1548651048 3
1548651048 3
1548651048 3
1548651049 3
1548651049 3
1548651049 3
1548651049 1
1548651049 3
1548651049 3
1548651049 3
1548651049 3
1548651049 3
1548651049 3
1548651049 3
1548651049 1
1548651050 3
1548651050 3
1548651050 1
1548651050 3
1548651050 3
1548651050 3
1548651050 3
1548651050 3
1548651050 3
1548651050 3
1548651051 3
1548651051 3
1548651051 3
1548651051 3
1548651051 3
1548651051 0
1548651051 3
1548651051 3
1548651051 3
1548651051 3
1548651051 3
1548651051 3
1548651051 3
1548651051 3
1548651052 3
1548651052 3
1548651052 3
1548651052 3
1548651052 2
1548651052 3
1548651052 3
1548651052 3
1548651052 3
1548651052 3
1548651052 3
1548651052 3
1548651052 3
1548651053 2
1548651053 3
1548651053 3
1548651053 3
1548651053 3
1548651053 3
1548651053 1
1548651053 3
1548651053 3
1548651053 3
1548651053 3
1548651054 2
1548651054 3
1548651054 3
1548651054 3
1548651054 3
1548651054 3
1548651054 3
1548651054 3
1548651054 3
1548651054 3
1548651054 3
1548651054 3
1548651054 3
1548651055 3
1548651055 3
1548651055 0
1548651055 0
1548651055 0
1548651055 0
1548651055 0
1548651055 0
1548651055 0
1548651055 0
1548651055 3
1548651055 0
1548651055 3
1548651056 3
1548651056 3
1548651056 0
1548651056 3
1548651056 0
1548651056 3
1548651056 3
1548651056 3
1548651056 3
1548651056 3
1548651056 3
1548651056 3
1548651056 3
1548651057 3
1548651057 0
1548651057 3
1548651057 3
1548651057 3
1548651057 3
1548651057 3
1548651057 3
1548651057 3
1548651057 3
1548651057 3
1548651057 0
1548651057 3
1548651058 3
1548651058 1
1548651058 3
1548651058 3
1548651058 3
1548651058 3
1548651058 3
1548651058 3
1548651058 3
1548651058 3
1548651058 3
1548651058 3
1548651058 3
1548651059 3
1548651059 3
1548651059 3
1548651059 3
1548651059 3
1548651059 3
1548651059 1
1548651059 0
1548651059 0
1548651059 0
1548651059 0
1548651059 3
1548651060 3
1548651060 3
1548651060 3
1548651060 0
1548651060 3
1548651060 3
1548651060 3
1548651060 3
1548651060 3
1548651060 3
1548651060 3
1548651060 3
1548651060 3
1548651061 3
1548651061 3
1548651061 3
1548651061 3
1548651061 3
1548651061 3
1548651061 3
1548651061 3
1548651061 3
1548651061 3
1548651061 3
1548651061 3
1548651061 3
1548651061 3
1548651062 3
1548651062 2
1548651062 2
1548651062 3
1548651062 3
1548651062 3
1548651062 0
1548651062 3
1548651062 3
1548651062 1
1548651062 3
1548651062 3
1548651062 3
1548651063 3
1548651063 3
1548651063 3
1548651063 3
1548651063 3
1548651063 3
1548651063 3
1548651063 3
1548651063 3
1548651063 3
1548651063 3
1548651063 3
1548651063 3
1548651064 3
1548651064 3
1548651064 3
1548651064 3
1548651064 3
1548651064 3
1548651064 0
1548651064 3
1548651064 3
1548651064 0
1548651064 0
1548651064 3
1548651064 0
1548651065 0
1548651065 3
1548651065 0
1548651065 3
1548651065 3
1548651065 2
1548651065 3
1548651065 3
1548651065 3
1548651065 3
1548651065 3
1548651066 3
1548651066 3
1548651066 3
1548651066 3
1548651066 0
1548651066 3
1548651066 3
1548651066 3
1548651066 3
1548651066 3
1548651066 3
1548651066 3
1548651066 3
1548651067 3
1548651067 3
1548651067 3
1548651067 3
1548651067 3
1548651067 3
1548651067 0
1548651067 3
1548651067 3
1548651067 3
1548651067 3
1548651067 3
1548651067 3
1548651068 2
1548651068 3
1548651068 3
1548651068 3
1548651068 3
1548651068 3
1548651068 3
1548651068 3
1548651068 3
1548651068 3
1548651068 3
1548651068 0
1548651068 3
1548651069 3
1548651069 3
1548651069 3
1548651069 3
1548651069 3
1548651069 3
1548651069 3
1548651069 3
1548651069 3
1548651069 3
1548651069 0
1548651069 3
1548651069 3
1548651070 3
1548651070 3
1548651070 3
1548651070 3
1548651070 3
1548651070 3
1548651070 3
1548651070 3
1548651070 3
1548651070 3
1548651070 3
1548651070 3
1548651070 3
1548651070 3
1548651071 0
1548651071 3
1548651071 3
1548651071 3
1548651071 3
1548651071 3
1548651071 3
1548651071 3
1548651071 3
1548651071 3
1548651071 3
1548651071 3
1548651072 3
1548651072 3
1548651072 3
1548651072 3
1548651072 3
1548651072 3
1548651072 3
1548651072 3
1548651072 3
1548651072 3
1548651072 3
1548651072 3
1548651072 3
1548651073 3
1548651073 3
1548651073 3
1548651073 3
1548651073 3
1548651073 3
1548651073 3
1548651073 3
1548651073 1
1548651073 1
1548651073 1
1548651073 1
1548651073 1
1548651074 1
1548651074 1
1548651074 1
1548651074 3
1548651074 3
1548651074 3
1548651074 3
1548651074 3
1548651074 3
1548651074 3
1548651074 3
1548651074 3
1548651074 3
1548651075 3
1548651075 3
1548651075 3
1548651075 3
1548651075 3
1548651075 1
1548651075 3
1548651075 3
1548651075 3
1548651075 3
1548651075 3
1548651075 3
1548651075 3
1548651076 3
1548651076 3
1548651076 3
1548651076 0
1548651076 0
1548651076 0
1548651076 0
1548651076 0
1548651076 0
1548651076 1
1548651076 0
1548651076 3
1548651076 3
1548651077 0
1548651077 3
1548651077 3
1548651077 3
1548651077 1
1548651077 3
1548651077 3
1548651077 3
1548651077 3
1548651077 3
1548651077 3
1548651077 0
1548651077 3
1548651078 1
1548651078 3
1548651078 0
1548651078 3
1548651078 3
1548651078 3
1548651078 3
1548651078 3
1548651078 3
1548651078 3
1548651078 2
1548651078 3
1548651078 3
1548651079 3
1548651079 3
1548651079 3
1548651079 3
1548651079 3
1548651079 3
1548651079 3
1548651079 3
1548651079 3
1548651079 3
1548651079 3
1548651080 3
1548651080 3
1548651080 3
1548651080 3
1548651080 3
1548651080 3
1548651080 3
1548651080 3
1548651080 3
1548651080 3
1548651080 3
1548651080 3
1548651080 3
1548651081 0
1548651081 0
1548651081 0
1548651081 0
1548651081 3
1548651081 3
1548651081 3
1548651081 3
1548651081 1
1548651081 1
1548651081 3
1548651081 3
1548651081 3
1548651082 3
1548651082 3
1548651082 3
1548651082 3
1548651082 3
1548651082 3
1548651082 3
1548651082 3
1548651082 3
1548651082 2
1548651082 3
1548651082 3
1548651082 3
1548651083 3
1548651083 3
1548651083 3
1548651083 3
1548651083 3
1548651083 3
1548651083 3
1548651083 3
1548651083 3
1548651083 3
1548651083 3
1548651083 3
1548651083 1
1548651084 3
1548651084 3
1548651084 3
1548651084 3
1548651084 3
1548651084 3
1548651084 3
1548651084 3
1548651084 3
1548651084 3
1548651084 3
1548651084 3
1548651085 3
1548651085 3
1548651085 3
1548651085 1
1548651085 0
1548651085 1
1548651085 1
1548651085 1
1548651085 3
1548651085 3
1548651085 3
1548651085 3
1548651085 3
1548651086 3
1548651086 3
1548651086 3
1548651086 3
1548651086 3
1548651086 3
1548651086 3
1548651086 3
1548651086 3
1548651086 3
1548651086 3
1548651086 3
1548651087 3
1548651087 3
1548651087 3
1548651087 3
1548651087 3
1548651087 3
1548651087 0
1548651087 3
1548651087 3
1548651087 0
1548651087 0
1548651087 0
1548651087 0
1548651088 0
1548651088 0
1548651088 0
1548651088 0
1548651088 0
1548651088 0
1548651088 0
1548651088 0
1548651088 3
1548651088 0
1548651088 3
1548651088 3
1548651088 3
1548651089 0
1548651089 3
1548651089 3
1548651089 3
1548651089 3
1548651089 3
1548651089 3
1548651089 3
1548651089 3
1548651089 3
1548651089 3
1548651089 2
1548651089 3
1548651090 3
1548651090 3
1548651090 3
1548651090 3
1548651090 3
1548651090 2
1548651090 3
1548651090 3
1548651090 3
1548651090 3
1548651090 3
1548651090 3
1548651090 3
1548651091 3
1548651091 1
1548651091 3
1548651091 3
1548651091 3
1548651091 3
1548651091 3
1548651091 3
1548651091 3
1548651091 3
1548651091 3
1548651091 3
1548651092 3
1548651092 3
1548651092 3
1548651092 3
1548651092 3
1548651092 3
1548651092 3
1548651092 3
1548651092 3
1548651092 3
1548651092 3
1548651092 3
1548651092 3
1548651093 0
1548651093 0
1548651093 0
1548651093 0
1548651093 0
1548651093 0
1548651093 0
1548651093 3
1548651093 0
1548651093 0
1548651093 0
1548651093 3
1548651093 3
1548651094 3
1548651094 3
1548651094 0
1548651094 2
1548651094 3
1548651094 0
1548651094 3
1548651094 0
1548651094 3
1548651094 3
1548651094 3
1548651094 3
1548651094 3
1548651095 3
1548651095 3
1548651095 3
1548651095 3
1548651095 3
1548651095 3
1548651095 3
1548651095 3
1548651095 1
1548651095 2
1548651095 3
1548651095 3
1548651096 3
1548651096 3
1548651096 3
1548651096 3
1548651096 3
1548651096 3
1548651096 3
1548651096 3
1548651096 3
1548651096 3
1548651096 3
1548651096 3
1548651096 1
1548651097 1
1548651097 3
1548651097 3
1548651097 3
1548651097 3
1548651097 3
1548651097 3
1548651097 3
1548651097 3
1548651097 3
1548651097 3
1548651097 3
1548651098 3
1548651098 3
1548651098 3
1548651098 3
1548651098 3
1548651098 0
1548651098 3
1548651098 3
1548651098 3
1548651098 3
1548651098 3
1548651098 3
1548651098 3
1548651099 3
1548651099 3
1548651099 3
1548651099 3
1548651099 0
1548651099 0
1548651099 0
1548651099 0
1548651099 0
1548651099 0
1548651099 0
1548651099 0
1548651100 1
1548651100 3
1548651100 3
1548651100 3
1548651100 3
1548651100 3
1548651100 3
1548651100 0
1548651100 2
1548651100 3
1548651100 2
1548651100 3
1548651100 3
1548651101 3
1548651101 3
1548651101 3
1548651101 3
1548651101 3
1548651101 3
1548651101 3
1548651101 3
1548651101 3
1548651101 3
1548651101 3
1548651102 3
1548651102 3
1548651102 3
1548651102 3
1548651102 3
1548651102 3
1548651102 3
1548651102 2
1548651102 3
1548651102 3
1548651102 3
1548651102 3
1548651102 3
1548651103 3
1548651103 3
1548651103 3
1548651103 3
1548651103 3
1548651103 3
1548651103 3
1548651103 3
1548651103 3
1548651103 3
1548651103 3
1548651103 3
1548651104 3
1548651104 2
1548651104 3
1548651104 3
1548651104 3
1548651104 3
1548651104 3
1548651104 0
1548651104 1
1548651104 0
1548651104 0
1548651104 0
1548651104 0
1548651105 0
1548651105 0
1548651105 0
1548651105 0
1548651105 0
1548651105 0
1548651105 3
1548651105 0
1548651105 0
1548651105 0
1548651105 3
1548651105 3
1548651106 3
1548651106 3
1548651106 3
1548651106 3
1548651106 3
1548651106 3
1548651106 3
1548651106 3
1548651106 3
1548651106 3
1548651106 3
1548651106 3
1548651106 3
1548651107 3
1548651107 2
1548651107 3
1548651107 3
1548651107 3
1548651107 3
1548651107 3
1548651107 3
1548651107 3
1548651107 2
1548651107 3
1548651107 3
1548651108 3
1548651108 3
1548651108 3
1548651108 3
1548651108 3
1548651108 3
1548651108 3
1548651108 3
1548651108 3
1548651108 3
1548651108 3
1548651108 3
1548651108 3
1548651109 3
1548651109 3
1548651109 3
1548651109 3
1548651109 0
1548651109 0
1548651109 0
1548651109 0
1548651109 0
1548651109 3
1548651109 3
1548651109 3
1548651110 3
1548651110 0
1548651110 3
1548651110 3
1548651110 0
1548651110 3
1548651110 3
1548651110 3
1548651110 3
1548651110 3
1548651110 1
1548651110 3
1548651111 3
1548651111 3
1548651111 3
1548651111 3
1548651111 3
1548651111 0
1548651111 3
1548651111 3
1548651111 3
1548651111 3
1548651111 3
1548651111 3
1548651112 3
1548651112 3
1548651112 3
1548651112 3
1548651112 3
1548651112 3
1548651112 3
1548651112 3
1548651112 1
1548651112 3
1548651112 1
1548651112 3
1548651112 3
1548651113 3
1548651113 3
1548651113 3
1548651113 3
1548651113 3
1548651113 3
1548651113 3
1548651113 3
1548651113 3
1548651113 2
1548651113 1
1548651113 3
1548651114 3
1548651114 3
1548651114 3
1548651114 3
1548651114 3
1548651114 3
1548651114 3
1548651114 3
1548651114 3
1548651114 3
1548651114 3
1548651114 3
1548651115 3
1548651115 3
1548651115 3
1548651115 3
1548651115 3
1548651115 3
1548651115 3
1548651115 3
1548651115 3
1548651115 3
1548651115 3
1548651115 3
1548651116 3
1548651116 3
1548651116 3
1548651116 3
1548651116 3
1548651116 3
1548651116 1
1548651116 3
1548651116 3
1548651116 3
1548651116 0
1548651116 0
1548651117 3
1548651117 3
1548651117 3
1548651117 3
1548651117 3
1548651117 3
1548651117 3
1548651117 3
1548651117 3
1548651117 3
1548651117 3
1548651117 3
1548651118 3
1548651118 3
1548651118 3
1548651118 3
1548651118 3
1548651118 3
1548651118 3
1548651118 3
1548651118 3
1548651118 3
1548651118 3
1548651118 3
1548651119 3
1548651119 3
1548651119 3
1548651119 3
1548651119 3
1548651119 3
1548651119 3
1548651119 3
1548651119 3
1548651120 3
1548651120 3
1548651120 3
1548651120 3
1548651120 3
1548651120 3
1548651120 3
1548651120 3
1548651120 3
1548651120 3
1548651120 3
1548651120 3
1548651121 2
1548651121 3
1548651121 0
1548651121 0
1548651121 0
1548651121 0
1548651121 0
1548651121 0
1548651121 0
1548651121 1
1548651121 0
1548651121 3
1548651122 3
1548651122 0
1548651122 0
1548651122 3
1548651122 3
1548651122 3
1548651122 3
1548651122 0
1548651122 3
1548651122 0
1548651122 0
1548651122 0
1548651123 3
1548651123 0
1548651123 3
1548651123 0
1548651123 3
1548651123 3
1548651123 3
1548651123 3
1548651123 3
1548651123 3
1548651123 3
1548651123 3
1548651124 3
1548651124 3
1548651124 3
1548651124 3
1548651124 3
1548651124 3
1548651124 3
1548651124 3
1548651124 3
1548651124 3
1548651124 3
1548651124 3
1548651125 3
1548651125 3
1548651125 3
1548651125 3
1548651125 3
1548651125 3
1548651125 2
1548651125 1
1548651125 2
1548651125 1
1548651125 1
1548651125 1
1548651126 1
1548651126 1
1548651126 1
1548651126 3
1548651126 1
1548651126 1
1548651126 1
1548651126 1
1548651126 1
1548651126 1
1548651126 1
1548651126 1
1548651127 1
1548651127 1
1548651127 1
1548651127 1
1548651127 1
1548651127 1
1548651127 1
1548651127 1
1548651127 1
1548651127 1
1548651127 1
1548651127 1
1548651128 1
1548651128 1
1548651128 1
1548651128 1
1548651128 1
1548651128 1
1548651128 1
1548651128 1
1548651128 1
1548651128 3
1548651128 1
1548651129 1
1548651129 1
1548651129 1
1548651129 1
1548651129 1
1548651129 1
1548651129 1
1548651129 1
1548651129 1
1548651129 1
1548651129 2
1548651130 1
1548651130 1
1548651130 1
1548651130 1
1548651130 1
1548651130 1
1548651130 1
1548651130 3
1548651130 2
1548651130 1
1548651130 1
1548651130 0
1548651131 1
1548651131 1
1548651131 1
1548651131 3
1548651131 1
1548651131 1
1548651131 1
1548651131 3
1548651131 3
1548651131 3
1548651131 3
1548651131 3
1548651132 3
1548651132 3
1548651132 3
1548651132 3
1548651132 0
1548651132 3
1548651132 3
1548651132 3
1548651132 3
1548651132 3
1548651132 3
1548651132 3
1548651133 3
1548651133 3
1548651133 3
1548651133 3
1548651133 3
1548651133 3
1548651133 0
1548651133 0
1548651133 0
1548651133 0
1548651134 0
1548651134 0
1548651134 0
1548651134 0
1548651134 0
1548651134 2
1548651134 0
1548651134 0
1548651134 0
1548651134 0
1548651134 0
1548651134 3
1548651135 0
1548651135 0
1548651135 3
1548651135 0
1548651135 0
1548651135 3
1548651135 3
1548651135 2
1548651135 3
1548651135 3
1548651135 3
1548651135 3
1548651136 0
1548651136 2
1548651136 3
1548651136 3
1548651136 0
1548651136 3
1548651136 3
1548651136 3
1548651136 3
1548651136 3
1548651136 3
1548651136 3
1548651137 3
1548651137 2
1548651137 3
1548651137 3
1548651137 3
1548651137 3
1548651137 3
1548651137 3
1548651137 1
1548651137 3
1548651137 3
1548651137 3
1548651138 3
1548651138 3
1548651138 3
1548651138 3
1548651138 3
1548651138 3
1548651138 3
1548651138 3
1548651138 2
1548651138 2
1548651138 1
1548651139 1
1548651139 2
1548651139 1
1548651139 1
1548651139 3
1548651139 3
1548651139 2
1548651139 3
1548651139 3
1548651139 3
1548651139 3
1548651139 3
1548651140 0
1548651140 3
1548651140 3
1548651140 0
1548651140 3
1548651140 3
1548651140 3
1548651140 3
1548651140 3
1548651140 3
1548651140 3
1548651141 3
1548651141 3
1548651141 3
1548651141 0
1548651141 0
1548651141 0
1548651141 0
1548651141 3
1548651141 0
1548651141 0
1548651141 0
1548651141 0
1548651142 0
1548651142 0
1548651142 0
1548651142 0
1548651142 3
1548651142 3
1548651142 0
1548651142 2
1548651142 3
1548651142 3
1548651142 0
1548651142 3
1548651143 0
1548651143 0
1548651143 0
1548651143 3
1548651143 3
1548651143 3
1548651143 3
1548651143 3
1548651143 3
1548651143 1
1548651143 3
1548651143 3
1548651144 3
1548651144 3
1548651144 3
1548651144 3
1548651144 3
1548651144 3
1548651144 3
1548651144 3
1548651144 3
1548651144 3
1548651144 3
1548651145 3
1548651145 3
1548651145 3
1548651145 3
1548651145 3
1548651145 3
1548651145 3
1548651145 2
1548651145 2
1548651145 2
1548651145 2
1548651145 2
1548651146 2
1548651146 1
1548651146 3
1548651146 3
1548651146 3
1548651146 2
1548651146 3
1548651146 3
1548651146 3
1548651146 3
1548651146 3
1548651147 3
1548651147 3
1548651147 3
1548651147 3
1548651147 3
1548651147 3
1548651147 3
1548651147 3
1548651147 0
1548651147 3
1548651147 0
1548651147 1
1548651148 0
1548651148 3
1548651148 3
1548651148 3
1548651148 3
1548651148 3
1548651148 3
1548651148 0
1548651148 0
1548651148 0
1548651148 0
1548651148 0
1548651149 0
1548651149 0
1548651149 0
1548651149 0
1548651149 0
1548651149 0
1548651149 0
1548651149 0
1548651149 0
1548651149 0
1548651149 2
1548651150 0
1548651150 0
1548651150 0
1548651150 0
1548651150 3
1548651150 0
1548651150 0
1548651150 3
1548651150 0
1548651150 3
1548651150 0
1548651150 3
1548651151 0
1548651151 3
1548651151 3
1548651151 3
1548651151 3
1548651151 3
1548651151 3
1548651151 3
1548651151 3
1548651151 3
1548651151 3
1548651151 3
1548651152 3
1548651152 3
1548651152 3
1548651152 3
1548651152 3
1548651152 3
1548651152 2
1548651152 3
1548651152 3
1548651152 3
1548651152 3
1548651152 3
1548651153 3
1548651153 3
1548651153 3
1548651153 3
1548651153 3
1548651153 3
1548651153 0
1548651153 3
1548651153 1
1548651153 1
1548651153 1
1548651154 1
1548651154 1
1548651154 1
1548651154 1
1548651154 1
1548651154 1
1548651154 1
1548651154 1
1548651154 1
1548651154 1
1548651154 1
1548651154 1
1548651155 1
1548651155 1
1548651155 1
1548651155 3
1548651155 3
1548651155 1
1548651155 1
1548651155 0
1548651155 1
1548651155 1
1548651155 3
1548651155 1
1548651156 1
1548651156 1
1548651156 1
1548651156 1
1548651156 1
1548651156 1
1548651156 1
1548651156 3
1548651156 1
1548651156 3
1548651156 1
1548651156 3
1548651157 3
1548651157 1
1548651157 3
1548651157 1
1548651157 3
1548651157 1
1548651157 3
1548651157 1
1548651157 3
1548651157 3
1548651157 1
1548651157 3
1548651158 1
1548651158 1
1548651158 1
1548651158 1
1548651158 1
1548651158 1
1548651158 1
1548651158 1
1548651158 1
1548651158 1
1548651158 2
1548651158 1
1548651159 1
1548651159 1
1548651159 1
1548651159 1
1548651159 1
1548651159 1
1548651159 1
1548651159 1
1548651159 1
1548651159 1
1548651159 1
1548651159 1
1548651160 0
1548651160 3
1548651160 3
1548651160 3
1548651160 3
1548651160 3
1548651160 3
1548651160 3
1548651160 3
1548651160 3
1548651160 3
1548651161 1
1548651161 3
1548651161 3
1548651161 3
1548651161 3
1548651161 3
1548651161 3
1548651161 3
1548651161 3
1548651161 3
1548651161 3
1548651162 3
1548651162 0
1548651162 0
1548651162 0
1548651162 0
1548651162 1
1548651162 0
1548651162 0
1548651162 0
1548651162 0
1548651162 0
1548651163 0
1548651163 0
1548651163 0
1548651163 0
1548651163 3
1548651163 0
1548651163 3
1548651163 2
1548651163 3
1548651163 3
1548651163 3
1548651163 3
1548651164 3
1548651164 3
1548651164 3
1548651164 3
1548651164 3
1548651164 3
1548651164 3
1548651164 3
1548651164 3
1548651164 3
1548651164 3
1548651165 1
1548651165 3
1548651165 3
1548651165 3
1548651165 3
1548651165 0
1548651165 2
1548651165 3
1548651165 3
1548651165 3
1548651166 3
1548651166 3
1548651166 3
1548651166 3
1548651166 3
1548651166 3
1548651166 3
1548651166 3
1548651166 3
1548651166 3
1548651166 3
1548651166 3
1548651167 3
1548651167 0
1548651167 0
1548651167 1
1548651167 0
1548651167 0
1548651167 2
1548651167 0
1548651167 0
1548651167 0
1548651167 0
1548651168 0
1548651168 0
1548651168 0
1548651168 0
1548651168 2
1548651168 0
1548651168 0
1548651168 3
1548651168 3
1548651168 3
1548651168 3
1548651168 3
1548651169 3
1548651169 3
1548651169 3
1548651169 3
1548651169 3
1548651169 3
1548651169 3
1548651169 3
1548651169 3
1548651169 3
1548651169 3
1548651169 3
1548651170 3
1548651170 3
1548651170 3
1548651170 3
1548651170 3
1548651170 3
1548651170 3
1548651170 3
1548651170 2
1548651170 3
1548651171 3
1548651171 3
1548651171 3
1548651171 3
1548651171 3
1548651171 0
1548651171 3
1548651171 3
1548651171 3
1548651171 3
1548651171 3
1548651171 3
1548651172 3
1548651172 3
1548651172 3
1548651172 3
1548651172 3
1548651172 3
1548651172 3
1548651172 3
1548651172 3
1548651172 3
1548651172 3
1548651172 3
1548651173 3
1548651173 3
1548651173 3
1548651173 0
1548651173 3
1548651173 0
1548651173 0
1548651173 0
1548651173 3
1548651173 3
1548651173 3
1548651173 3
1548651174 3
1548651174 3
1548651174 3
1548651174 3
1548651174 3
1548651174 3
1548651174 3
1548651174 3
1548651174 3
1548651174 3
1548651174 3
1548651174 3
1548651175 2
1548651175 3
1548651175 2
1548651175 0
1548651175 3
1548651175 3
1548651175 3
1548651175 2
1548651175 2
1548651175 3
1548651175 2
1548651176 3
1548651176 3
1548651176 3
1548651176 3
1548651176 3
1548651176 3
1548651176 3
1548651176 3
1548651176 3
1548651176 3
1548651176 3
1548651177 3
1548651177 3
1548651177 3
1548651177 3
1548651177 1
1548651177 3
1548651177 3
1548651177 3
1548651177 3
1548651177 3
1548651177 3
1548651178 3
1548651178 3
1548651178 3
1548651178 3
1548651178 3
1548651178 3
1548651178 3
1548651178 3
1548651178 2
1548651178 3
1548651178 0
1548651178 0
1548651179 0
1548651179 0
1548651179 0
1548651179 0
1548651179 1
1548651179 0
1548651179 3
1548651179 0
1548651179 3
1548651179 3
1548651179 3
1548651180 3
1548651180 3
1548651180 3
1548651180 3
1548651180 3
1548651180 3
1548651180 2
1548651180 3
1548651180 3
1548651180 3
1548651180 3
1548651181 3
1548651181 3
1548651181 3
1548651181 3
1548651181 3
1548651181 3
1548651181 3
1548651181 3
1548651181 3
1548651181 3
1548651181 3
1548651182 3
1548651182 3
1548651182 3
1548651182 3
1548651182 3
1548651182 3
1548651182 3
1548651182 3
1548651182 3
1548651182 3
1548651182 3
1548651183 3
1548651183 3
1548651183 3
1548651183 3
1548651183 3
1548651183 3
1548651183 3
1548651183 3
1548651183 1
1548651183 0
1548651183 3
1548651184 3
1548651184 3
1548651184 3
1548651184 3
1548651184 3
1548651184 3
1548651184 3
1548651184 3
1548651184 3
1548651184 3
1548651184 3
1548651185 3
1548651185 3
1548651185 3
1548651185 1
1548651185 3
1548651185 3
1548651185 3
1548651185 3
1548651185 0
1548651185 0
1548651186 0
1548651186 0
1548651186 0
1548651186 0
1548651186 0
1548651186 0
1548651186 0
1548651186 0
1548651186 0
1548651186 3
1548651186 0
1548651187 3
1548651187 3
1548651187 0
1548651187 3
1548651187 3
1548651187 3
1548651187 3
1548651187 0
1548651187 3
1548651187 3
1548651187 3
1548651188 3
1548651188 1
1548651188 3
1548651188 3
1548651188 3
1548651188 3
1548651188 3
1548651188 3
1548651188 3
1548651188 3
1548651188 3
1548651189 3
1548651189 3
1548651189 3
1548651189 3
1548651189 3
1548651189 3
1548651189 3
1548651189 3
1548651189 2
1548651189 2
1548651189 0
1548651190 2
1548651190 2
1548651190 2
1548651190 2
1548651190 3
1548651190 3
1548651190 3
1548651190 3
1548651190 0
1548651190 3
1548651190 3
1548651191 3
1548651191 3
1548651191 3
1548651191 3
1548651191 3
1548651191 3
1548651191 3
1548651191 2
1548651191 3
1548651191 0
1548651192 3
1548651192 3
1548651192 3
1548651192 3
1548651192 0
1548651192 0
1548651192 0
1548651192 0
1548651192 0
1548651192 3
1548651192 3
1548651193 0
1548651193 0
1548651193 3
1548651193 0
1548651193 0
1548651193 0
1548651193 0
1548651193 0
1548651193 0
1548651193 0
1548651193 0
1548651194 0
1548651194 0
1548651194 0
1548651194 0
1548651194 0
1548651194 3
1548651194 3
1548651194 3
1548651194 3
1548651194 3
1548651195 3
1548651195 3
1548651195 3
1548651195 3
1548651195 1
1548651195 3
1548651195 3
1548651195 3
1548651195 3
1548651195 3
1548651195 3
1548651195 3
1548651196 3
1548651196 0
1548651196 3
1548651196 3
1548651196 3
1548651196 3
1548651196 3
1548651196 3
1548651196 3
1548651196 3
1548651196 3
1548651197 3
1548651197 3
1548651197 3
1548651197 3
1548651197 3
1548651197 3
1548651197 3
1548651197 3
1548651197 3
1548651197 0
1548651198 3
1548651198 3
1548651198 3
1548651198 3
1548651198 3
1548651198 3
1548651198 3
1548651198 3
1548651198 3
1548651198 3
1548651198 1
1548651199 3
1548651199 3
1548651199 3
1548651199 3
1548651199 3
1548651199 3
1548651199 3
1548651199 3
1548651199 3
1548651199 3
1548651199 0
1548651200 3
1548651200 3
1548651200 3
1548651200 1
1548651200 3
1548651200 3
1548651200 3
1548651200 3
1548651200 3
1548651200 3
1548651200 3
1548651201 3
1548651201 3
1548651201 3
1548651201 0
1548651201 3
1548651201 3
1548651201 3
1548651201 3
1548651201 3
1548651201 3
1548651201 3
1548651202 3
1548651202 3
1548651202 3
1548651202 3
1548651202 3
1548651202 3
1548651202 3
1548651202 3
1548651202 3
1548651202 3
1548651202 3
1548651203 3
1548651203 3
1548651203 3
1548651203 0
1548651203 3
1548651203 3
1548651203 2
1548651203 3
1548651203 3
1548651203 3
1548651203 3
1548651203 3
1548651204 3
1548651204 3
1548651204 0
1548651204 3
1548651204 3
1548651204 3
1548651204 2
1548651204 3
1548651204 3
1548651204 3
1548651204 3
1548651205 3
1548651205 3
1548651205 3
1548651205 3
1548651205 3
1548651205 3
1548651205 3
1548651205 3
1548651205 3
1548651205 3
1548651205 3
1548651206 0
1548651206 0
1548651206 3
1548651206 3
1548651206 3
1548651206 3
1548651206 3
1548651206 3
1548651206 2
1548651206 3
1548651207 0
1548651207 3
1548651207 1
1548651207 3
1548651207 3
1548651207 3
1548651207 3
1548651207 3
1548651207 3
1548651207 3
1548651207 3
1548651208 3
1548651208 3
1548651208 3
1548651208 3
1548651208 3
1548651208 0
1548651208 0
1548651208 0
1548651208 0
1548651208 0
1548651209 0
1548651209 0
1548651209 0
1548651209 0
1548651209 0
1548651209 0
1548651209 0
1548651209 0
1548651209 0
1548651209 0
1548651209 0
1548651210 3
1548651210 3
1548651210 3
1548651210 3
1548651210 3
1548651210 0
1548651210 3
1548651210 3
1548651210 0
1548651210 3
1548651210 0
1548651211 3
1548651211 0
1548651211 3
1548651211 3
1548651211 3
1548651211 0
1548651211 2
1548651211 3
1548651211 3
1548651211 3
1548651212 3
1548651212 3
1548651212 3
1548651212 3
1548651212 3
1548651212 3
1548651212 3
1548651212 3
1548651212 3
1548651212 3
1548651212 3
1548651213 3
1548651213 3
1548651213 3
1548651213 3
1548651213 3
1548651213 3
1548651213 3
1548651213 3
1548651213 3
1548651213 3
1548651213 2
1548651214 1
1548651214 1
1548651214 1
1548651214 1
1548651214 1
1548651214 1
1548651214 1
1548651214 2
1548651214 1
1548651214 1
1548651215 1
1548651215 1
1548651215 1
1548651215 1
1548651215 1
1548651215 1
1548651215 1
1548651215 3
1548651215 3
1548651215 3
1548651216 3
1548651216 1
1548651216 3
1548651216 1
1548651216 1
1548651216 1
1548651216 1
1548651216 1
1548651216 1
1548651216 1
1548651216 1
1548651217 1
1548651217 1
1548651217 1
1548651217 1
1548651217 1
1548651217 1
1548651217 3
1548651217 3
1548651217 1
1548651217 3
1548651218 3
1548651218 3
1548651218 3
1548651218 3
1548651218 3
1548651218 3
1548651218 1
1548651218 1
1548651218 3
1548651218 1
1548651219 1
1548651219 1
1548651219 1
1548651219 1
1548651219 1
1548651219 1
1548651219 3
1548651219 3
1548651219 3
1548651219 3
1548651220 3
1548651220 3
1548651220 3
1548651220 3
1548651220 3
1548651220 3
1548651220 3
1548651220 3
1548651220 3
1548651221 3
1548651221 3
1548651221 3
1548651221 3
1548651221 3
1548651221 0
1548651221 0
1548651221 0
1548651221 0
1548651222 0
1548651222 0
1548651222 0
1548651222 0
1548651222 0
1548651222 0
1548651222 0
1548651222 0
1548651222 0
1548651222 0
1548651222 0
1548651223 3
1548651223 3
1548651223 0
1548651223 3
1548651223 0
1548651223 0
1548651223 3
1548651223 3
1548651223 3
1548651223 3
1548651223 3
1548651224 3
1548651224 3
1548651224 3
1548651224 3
1548651224 3
1548651224 3
1548651224 3
1548651224 3
1548651224 3
1548651224 3
1548651224 3
1548651225 0
1548651225 3
1548651225 3
1548651225 0
1548651225 3
1548651225 3
1548651225 3
1548651225 2
1548651225 2
1548651225 2
1548651226 2
1548651226 2
1548651226 2
1548651226 2
1548651226 0
1548651226 3
1548651226 3
1548651226 3
1548651226 3
1548651226 3
1548651226 3
1548651227 3
1548651227 3
1548651227 3
1548651227 3
1548651227 3
1548651227 0
1548651227 3
1548651227 3
1548651227 0
1548651227 3
1548651227 3
1548651228 3
1548651228 0
1548651228 0
1548651228 0
1548651228 0
1548651228 1
1548651228 0
1548651228 0
1548651228 0
1548651228 3
1548651229 0
1548651229 0
1548651229 0
1548651229 0
1548651229 0
1548651229 0
1548651229 0
1548651229 3
1548651229 3
1548651229 3
1548651229 3
1548651230 3
1548651230 3
1548651230 0
1548651230 3
1548651230 3
1548651230 3
1548651230 3
1548651230 3
1548651230 3
1548651230 3
1548651231 3
1548651231 3
1548651231 3
1548651231 3
1548651231 3
1548651231 2
1548651231 2
1548651231 3
1548651231 3
1548651231 3
1548651232 3
1548651232 3
1548651232 0
1548651232 3
1548651232 3
1548651232 3
1548651232 3
1548651232 3
1548651232 3
1548651232 3
1548651233 3
1548651233 1
1548651233 3
1548651233 3
1548651233 3
1548651233 3
1548651233 3
1548651233 3
1548651233 3
1548651233 1
1548651234 3
1548651234 0
1548651234 0
1548651234 0
1548651234 0
1548651234 2
1548651234 0
1548651234 0
1548651234 0
1548651234 1
1548651235 0
1548651235 0
1548651235 3
1548651235 1
1548651235 1
1548651235 3
1548651235 0
1548651235 3
1548651235 3
1548651235 3
1548651235 3
1548651236 3
1548651236 3
1548651236 3
1548651236 3
1548651236 3
1548651236 3
1548651236 3
1548651236 3
1548651236 3
1548651236 0
1548651237 3
1548651237 3
1548651237 3
1548651237 2
1548651237 2
1548651237 3
1548651237 3
1548651237 3
1548651237 3
1548651237 3
1548651238 3
1548651238 3
1548651238 3
1548651238 3
1548651238 3
1548651238 3
1548651238 3
1548651238 3
1548651238 3
1548651238 3
1548651239 3
1548651239 3
1548651239 3
1548651239 3
1548651239 3
1548651239 2
1548651239 3
1548651239 3
1548651239 3
1548651239 3
1548651239 3
1548651240 0
1548651240 0
1548651240 0
1548651240 0
1548651240 0
1548651240 0
1548651240 0
1548651240 0
1548651240 0
1548651240 0
1548651240 0
1548651241 0
1548651241 0
1548651241 0
1548651241 3
1548651241 3
1548651241 3
1548651241 3
1548651241 3
1548651241 3
1548651241 3
1548651242 3
1548651242 3
1548651242 3
1548651242 3
1548651242 3
1548651242 3
1548651242 3
1548651242 3
1548651242 3
1548651242 3
1548651243 3
1548651243 3
1548651243 3
1548651243 3
1548651243 3
1548651243 3
1548651243 3
1548651243 1
1548651243 3
1548651243 3
1548651243 3
1548651244 3
1548651244 3
1548651244 3
1548651244 3
1548651244 3
1548651244 2
1548651244 3
1548651244 2
1548651244 3
1548651244 3
1548651245 1
1548651245 3
1548651245 1
1548651245 1
1548651245 1
1548651245 1
1548651245 1
1548651245 1
1548651245 1
1548651245 1
1548651246 1
1548651246 1
1548651246 1
1548651246 0
1548651246 1
1548651246 1
1548651246 1
1548651246 1
1548651246 1
1548651246 1
1548651247 1
1548651247 1
1548651247 1
1548651247 1
1548651247 1
1548651247 1
1548651247 1
1548651247 1
1548651247 1
1548651248 1
1548651248 1
1548651248 2
1548651248 1
1548651248 1
1548651248 1
1548651248 2
1548651248 1
1548651248 1
1548651248 1
1548651249 3
1548651249 1
1548651249 3
1548651249 1
1548651249 3
1548651249 1
1548651249 3
1548651249 1
1548651249 3
1548651249 1
1548651250 2
1548651250 2
1548651250 3
1548651250 1
1548651250 3
1548651250 1
1548651250 3
1548651250 1
1548651250 3
1548651250 3
1548651251 1
1548651251 3
1548651251 3
1548651251 3
1548651251 3
1548651251 3
1548651251 3
1548651252 3
1548651252 3
1548651252 3
1548651252 3
1548651252 3
1548651252 3
1548651252 3
1548651252 3
1548651252 3
1548651252 3
1548651253 3
1548651253 3
1548651253 3
1548651253 3
1548651253 3
1548651253 3
1548651253 1
1548651253 3
1548651253 1
1548651253 3
1548651254 3
1548651254 3
1548651254 3
1548651254 3
1548651254 3
1548651254 2
1548651254 3
1548651254 3
1548651254 3
1548651254 3
1548651255 3
1548651255 3
1548651255 2
1548651255 3
1548651255 3
1548651255 3
1548651255 3
1548651255 3
1548651255 3
1548651256 3
1548651256 3
1548651256 3
1548651256 3
1548651256 3
1548651256 3
1548651256 3
1548651256 3
1548651256 3
1548651256 0
1548651257 0
1548651257 0
1548651257 0
1548651257 0
1548651257 0
1548651257 0
1548651257 0
1548651257 0
1548651257 0
1548651257 0
1548651257 0
1548651258 0
1548651258 0
1548651258 0
1548651258 0
1548651258 0
1548651258 0
1548651258 0
1548651258 0
1548651258 0
1548651259 1
1548651259 0
1548651259 3
1548651259 3
1548651259 3
1548651259 2
1548651259 3
1548651259 3
1548651259 3
1548651259 3
1548651260 3
1548651260 3
1548651260 3
1548651260 3
1548651260 3
1548651260 3
1548651260 3
1548651261 3
1548651261 3
1548651261 3
1548651261 3
1548651261 3
1548651261 3
1548651261 3
1548651261 0
1548651261 3
1548651262 3
1548651262 3
1548651262 3
1548651262 2
1548651262 0
1548651262 3
1548651262 3
1548651262 3
1548651262 3
1548651263 0
1548651263 3
1548651263 2
1548651263 3
1548651263 3
1548651263 3
1548651263 3
1548651263 3
1548651263 3
1548651263 1
1548651264 3
1548651264 2
1548651264 3
1548651264 3
1548651264 0
1548651264 0
1548651264 0
1548651264 0
1548651264 0
1548651265 0
1548651265 0
1548651265 0
1548651265 0
1548651265 0
1548651265 0
1548651265 0
1548651265 0
1548651265 0
1548651266 3
1548651266 0
1548651266 0
1548651266 0
1548651266 1
1548651266 0
1548651266 0
1548651266 3
1548651266 2
1548651267 3
1548651267 3
1548651267 3
1548651267 3
1548651267 3
1548651267 3
1548651267 3
1548651267 3
1548651267 3
1548651267 3
1548651268 3
1548651268 3
1548651268 3
1548651268 3
1548651268 3
1548651268 3
1548651268 3
1548651268 3
1548651268 3
1548651269 3
1548651269 3
1548651269 3
1548651269 3
1548651269 3
1548651269 3
1548651269 3
1548651269 3
1548651270 3
1548651270 3
1548651270 2
1548651270 2
1548651270 3
1548651270 3
1548651270 3
1548651270 3
1548651270 3
1548651271 0
1548651271 3
1548651271 3
1548651271 3
1548651271 3
1548651271 3
1548651271 3
1548651271 3
1548651271 3
1548651272 3
1548651272 3
1548651272 3
1548651272 3
1548651272 3
1548651272 3
1548651272 3
1548651272 3
1548651272 3
1548651273 3
1548651273 3
1548651273 0
1548651273 0
1548651273 0
1548651273 0
1548651273 0
1548651273 3
1548651273 3
1548651273 3
1548651274 3
1548651274 3
1548651274 3
1548651274 3
1548651274 3
1548651274 3
1548651274 3
1548651274 3
1548651274 3
1548651275 3
1548651275 3
1548651275 3
1548651275 3
1548651275 3
1548651275 3
1548651275 3
1548651275 3
1548651275 2
1548651275 3
1548651276 3
1548651276 3
1548651276 3
1548651276 3
1548651276 3
1548651276 3
1548651276 3
1548651276 3
1548651276 3
1548651276 3
1548651277 0
1548651277 3
1548651277 3
1548651277 3
1548651277 3
1548651277 3
1548651277 3
1548651277 3
1548651277 3
1548651277 3
1548651278 3
1548651278 3
1548651278 3
1548651278 3
1548651278 3
1548651278 3
1548651278 3
1548651278 3
1548651278 3
1548651278 3
1548651279 3
1548651279 3
1548651279 3
1548651279 3
1548651279 3
1548651279 3
1548651279 3
1548651279 3
1548651279 3
1548651279 3
1548651280 3
1548651280 3
1548651280 3
1548651280 3
1548651280 3
1548651280 3
1548651280 3
1548651280 3
1548651280 3
1548651281 3
1548651281 3
1548651281 3
1548651281 3
1548651281 3
1548651281 3
1548651281 3
1548651281 0
1548651282 3
1548651282 3
1548651282 3
1548651282 3
1548651282 3
1548651282 3
1548651282 3
1548651282 3
1548651282 3
1548651282 3
1548651283 3
1548651283 3
1548651283 3
1548651283 3
1548651283 3
1548651283 3
1548651283 3
1548651283 3
1548651283 3
1548651283 3
1548651284 1
1548651284 3
1548651284 3
1548651284 3
1548651284 3
1548651284 3
1548651284 3
1548651284 3
1548651284 3
1548651284 3
1548651285 0
1548651285 0
1548651285 3
1548651285 0
1548651285 0
1548651285 0
1548651285 3
1548651285 0
1548651285 3
1548651286 0
1548651286 2
1548651286 3
1548651286 3
1548651286 3
1548651286 3
1548651286 2
1548651286 3
1548651286 3
1548651286 3
1548651287 3
1548651287 3
1548651287 3
1548651287 3
1548651287 3
1548651287 3
1548651287 2
1548651287 3
1548651287 3
1548651287 3
1548651288 3
1548651288 3
1548651288 1
1548651288 1
1548651288 1
1548651288 0
1548651288 1
1548651288 1
1548651288 1
1548651289 1
1548651289 1
1548651289 1
1548651289 1
1548651289 1
1548651289 1
1548651289 1
1548651289 1
1548651289 1
1548651289 1
1548651290 3
1548651290 3
1548651290 2
1548651290 2
1548651290 3
1548651290 2
1548651290 1
1548651290 1
1548651290 3
1548651290 1
1548651291 3
1548651291 1
1548651291 3
1548651291 1
1548651291 3
1548651291 1
1548651291 0
1548651291 1
1548651291 3
1548651291 1
1548651292 2
1548651292 0
1548651292 1
1548651292 3
1548651292 3
1548651292 1
1548651292 3
1548651292 3
1548651292 3
1548651292 3
1548651293 1
1548651293 3
1548651293 3
1548651293 1
1548651293 3
1548651293 3
1548651293 3
1548651293 3
1548651293 3
1548651294 3
1548651294 3
1548651294 1
1548651294 3
1548651294 3
1548651294 3
1548651294 1
1548651294 3
1548651294 3
1548651294 3
1548651295 3
1548651295 3
1548651295 3
1548651295 3
1548651295 3
1548651295 3
1548651295 1
1548651295 3
1548651295 3
1548651295 3
1548651296 3
1548651296 3
1548651296 3
1548651296 3
1548651296 3
1548651296 3
1548651296 3
1548651296 3
1548651296 3
1548651297 3
1548651297 3
1548651297 3
1548651297 3
1548651297 3
1548651297 3
1548651297 0
1548651297 2
1548651297 0
1548651297 0
1548651298 0
1548651298 0
1548651298 0
1548651298 0
1548651298 0
1548651298 0
1548651298 0
1548651298 0
1548651298 0
1548651299 0
1548651299 0
1548651299 0
1548651299 0
1548651299 0
1548651299 0
1548651299 0
1548651299 3
1548651299 3
1548651299 3
1548651300 3
1548651300 3
1548651300 3
1548651300 2
1548651300 3
1548651300 3
1548651300 3
1548651300 3
1548651300 3
1548651300 3
1548651301 1
1548651301 3
1548651301 3
1548651301 3
1548651301 3
1548651301 3
1548651301 3
1548651301 3
1548651301 3
1548651302 3
1548651302 3
1548651302 3
1548651302 3
1548651302 3
1548651302 3
1548651302 0
1548651302 3
1548651302 3
1548651302 3
1548651303 1
1548651303 3
1548651303 3
1548651303 3
1548651303 1
1548651303 3
1548651303 0
1548651303 0
1548651303 0
1548651303 0
1548651304 0
1548651304 1
1548651304 0
1548651304 0
1548651304 0
1548651304 0
1548651304 0
1548651304 0
1548651304 0
1548651304 0
1548651305 0
1548651305 0
1548651305 0
1548651305 3
1548651305 0
1548651305 0
1548651305 0
1548651305 3
1548651305 0
1548651306 3
1548651306 3
1548651306 3
1548651306 2
1548651306 3
1548651306 3
1548651306 3
1548651306 3
1548651306 3
1548651306 3
1548651307 3
1548651307 3
1548651307 3
1548651307 2
1548651307 2
1548651307 3
1548651307 3
1548651307 3
1548651307 3
1548651308 3
1548651308 3
1548651308 3
1548651308 3
1548651308 3
1548651308 3
1548651308 3
1548651308 3
1548651308 3
1548651309 3
1548651309 3
1548651309 3
1548651309 3
1548651309 3
1548651309 3
1548651309 3
1548651309 3
1548651309 0
1548651309 0
1548651310 0
1548651310 0
1548651310 3
1548651310 0
1548651310 0
1548651310 0
1548651310 0
1548651310 0
1548651310 0
1548651311 0
1548651311 0
1548651311 0
1548651311 0
1548651311 3
1548651311 3
1548651311 3
1548651311 3
1548651312 3
1548651312 3
1548651312 3
1548651312 3
1548651312 3
1548651312 0
1548651312 3
1548651312 3
1548651312 3
1548651313 3
1548651313 3
1548651313 3
1548651313 3
1548651313 3
1548651313 3
1548651313 1
1548651313 2
1548651313 3
1548651313 3
1548651314 3
1548651314 2
1548651314 3
1548651314 3
1548651314 2
1548651314 3
1548651314 3
1548651314 3
1548651314 3
1548651315 3
1548651315 3
1548651315 3
1548651315 3
1548651315 3
1548651315 3
1548651315 3
1548651315 3
1548651315 3
1548651315 3
1548651316 0
1548651316 0
1548651316 0
1548651316 0
1548651316 0
1548651316 0
1548651316 3
1548651316 0
1548651316 0
1548651316 0
1548651317 0
1548651317 1
1548651317 0
1548651317 0
1548651317 0
1548651317 0
1548651317 0
1548651317 0
1548651317 3
1548651318 3
1548651318 2
1548651318 3
1548651318 3
1548651318 1
1548651318 3
1548651318 3
1548651318 1
1548651318 3
1548651318 3
1548651319 3
1548651319 3
1548651319 3
1548651319 1
1548651319 3
1548651319 3
1548651319 3
1548651319 3
1548651319 3
1548651320 3
1548651320 3
1548651320 3
1548651320 3
1548651320 3
1548651320 3
1548651320 3
1548651320 2
1548651320 3
1548651320 3
1548651321 3
1548651321 3
1548651321 3
1548651321 3
1548651321 1
1548651321 3
1548651321 3
1548651321 0
1548651321 3
1548651322 3
1548651322 3
1548651322 3
1548651322 3
1548651322 3
1548651322 3
1548651322 3
1548651322 3
1548651322 3
1548651322 3
1548651323 3
1548651323 3
1548651323 3
1548651323 3
1548651323 3
1548651323 3
1548651323 3
1548651323 3
1548651323 0
1548651324 0
1548651324 3
1548651324 0
1548651324 3
1548651324 3
1548651324 3
1548651324 3
1548651324 3
1548651324 3
1548651325 3
1548651325 3
1548651325 3
1548651325 3
1548651325 3
1548651325 3
1548651325 3
1548651325 3
1548651325 3
1548651326 3
1548651326 3
1548651326 3
1548651326 3
1548651326 3
1548651326 3
1548651326 3
1548651326 3
1548651327 3
1548651327 3
1548651327 3
1548651327 3
1548651327 3
1548651327 3
1548651327 3
1548651327 3
1548651327 3
1548651327 3
1548651328 1
1548651328 3
1548651328 3
1548651328 3
1548651328 3
1548651328 3
1548651328 0
1548651328 3
1548651328 1
1548651329 2
1548651329 3
1548651329 3
1548651329 3
1548651329 3
1548651329 3
1548651329 3
1548651329 3
1548651329 3
1548651329 3
1548651330 3
1548651330 0
1548651330 0
1548651330 0
1548651330 0
1548651330 0
1548651330 1
1548651330 3
1548651330 3
1548651331 3
1548651331 3
1548651331 3
1548651331 3
1548651331 3
1548651331 3
1548651331 3
1548651331 3
1548651331 3
1548651332 3
1548651332 3
1548651332 3
1548651332 3
1548651332 3
1548651332 3
1548651332 3
1548651332 3
1548651332 3
1548651333 0
1548651333 3
1548651333 3
1548651333 0
1548651333 3
1548651333 3
1548651333 3
1548651333 3
1548651333 3
1548651333 3
1548651334 3
1548651334 3
1548651334 3
1548651334 3
1548651334 3
1548651334 3
1548651334 0
1548651334 0
1548651334 0
1548651335 0
1548651335 0
1548651335 0
1548651335 0
1548651335 0
1548651335 0
1548651335 0
1548651335 0
1548651335 0
1548651336 0
1548651336 0
1548651336 0
1548651336 0
1548651336 0
1548651336 0
1548651336 0
1548651336 3
1548651336 0
1548651337 0
1548651337 0
1548651337 0
1548651337 0
1548651337 0
1548651337 0
1548651337 0
1548651337 3
1548651337 0
1548651337 0
1548651338 0
1548651338 0
1548651338 3
1548651338 0
1548651338 3
1548651338 3
1548651338 3
1548651338 3
1548651338 3
1548651339 3
1548651339 3
1548651339 3
1548651339 3
1548651339 3
1548651339 3
1548651339 3
1548651339 3
1548651339 3
1548651340 3
1548651340 3
1548651340 3
1548651340 3
1548651340 0
1548651340 3
1548651340 3
1548651340 3
1548651340 3
1548651341 2
1548651341 2
1548651341 2
1548651341 2
1548651341 1
1548651341 1
1548651341 1
1548651341 1
1548651342 3
1548651342 3
1548651342 3
1548651342 3
1548651342 3
1548651342 3
1548651342 3
1548651342 3
1548651342 3
1548651343 2
1548651343 3
1548651343 3
1548651343 3
1548651343 3
1548651343 3
1548651343 3
1548651343 1
1548651343 3
1548651344 0
1548651344 3
1548651344 0
1548651344 0
1548651344 0
1548651344 0
1548651344 0
1548651344 0
1548651344 0
1548651345 0
1548651345 0
1548651345 0
1548651345 0
1548651345 0
1548651345 0
1548651345 0
1548651345 0
1548651345 0
1548651346 2
1548651346 0
1548651346 0
1548651346 0
1548651346 0
1548651346 0
1548651346 0
1548651346 2
1548651346 0
1548651347 0
1548651347 3
1548651347 3
1548651347 3
1548651347 3
1548651347 3
1548651347 0
1548651347 3
1548651347 3
1548651347 3
1548651348 3
1548651348 1
1548651348 3
1548651348 3
1548651348 3
1548651348 3
1548651348 3
1548651348 0
1548651348 3
1548651349 3
1548651349 3
1548651349 2
1548651349 2
1548651349 2
1548651349 2
1548651349 2
1548651349 3
1548651349 3
1548651350 3
1548651350 3
1548651350 3
1548651350 3
1548651350 2
1548651350 3
1548651350 3
1548651350 3
1548651350 0
1548651351 3
1548651351 3
1548651351 3
1548651351 3
1548651351 3
1548651351 3
1548651351 3
1548651351 3
1548651351 0
1548651352 0
1548651352 0
1548651352 0
1548651352 0
1548651352 0
1548651352 0
1548651352 0
1548651352 0
1548651352 0
1548651353 0
1548651353 0
1548651353 1
1548651353 0
1548651353 2
1548651353 0
1548651353 0
1548651353 0
1548651353 0
1548651354 0
1548651354 0
1548651354 0
1548651354 0
1548651354 0
1548651354 0
1548651354 1
1548651354 0
1548651354 3
1548651355 3
1548651355 0
1548651355 3
1548651355 3
1548651355 3
1548651355 3
1548651355 3
1548651355 3
1548651355 3
1548651355 0
1548651356 3
1548651356 3
1548651356 0
1548651356 0
1548651356 3
1548651356 3
1548651356 3
1548651356 3
1548651356 3
1548651357 3
1548651357 3
1548651357 3
1548651357 3
1548651357 3
1548651357 3
1548651357 3
1548651357 1
1548651357 0
1548651358 1
1548651358 1
1548651358 1
1548651358 1
1548651358 1
1548651358 1
1548651358 2
1548651358 1
1548651358 1
1548651359 1
1548651359 1
1548651359 1
1548651359 1
1548651359 1
1548651359 1
1548651359 1
1548651359 1
1548651359 1
1548651360 2
1548651360 2
1548651360 1
1548651360 1
1548651360 1
1548651360 1
1548651360 1
1548651360 1
1548651360 1
1548651361 1
1548651361 3
1548651361 3
1548651361 1
1548651361 0
1548651361 3
1548651361 1
1548651361 3
1548651361 3
1548651362 1
1548651362 3
1548651362 1
1548651362 3
1548651362 1
1548651362 3
1548651362 3
1548651362 1
1548651362 3
1548651362 1
1548651363 3
1548651363 3
1548651363 1
1548651363 3
1548651363 3
1548651363 0
1548651363 3
1548651363 3
1548651363 3
1548651364 3
1548651364 0
1548651364 3
1548651364 3
1548651364 0
1548651364 1
1548651364 1
1548651364 3
1548651364 3
1548651365 3
1548651365 3
1548651365 3
1548651365 3
1548651365 3
1548651365 3
1548651365 3
1548651365 3
1548651365 3
1548651366 3
1548651366 3
1548651366 3
1548651366 3
1548651366 3
1548651366 3
1548651366 3
1548651366 3
1548651366 3
1548651367 3
1548651367 3
1548651367 3
1548651367 3
1548651367 3
1548651367 3
1548651367 1
1548651367 3
1548651367 3
1548651368 3
1548651368 3
1548651368 3
1548651368 3
1548651368 3
1548651368 3
1548651368 3
1548651368 3
1548651368 3
1548651368 3
1548651369 3
1548651369 3
1548651369 0
1548651369 3
1548651369 3
1548651369 3
1548651369 3
1548651369 3
1548651369 0
1548651370 1
1548651370 0
1548651370 0
1548651370 0
1548651370 0
1548651370 0
1548651370 0
1548651370 0
1548651370 0
1548651371 0
1548651371 0
1548651371 0
1548651371 0
1548651371 0
1548651371 0
1548651372 0
1548651372 0
1548651372 0
1548651372 0
1548651372 0
1548651372 0
1548651372 0
1548651372 0
1548651372 0
1548651373 0
1548651373 0
1548651373 0
1548651373 0
1548651373 0
1548651373 3
1548651373 2
1548651373 3
1548651373 3
1548651374 3
1548651374 3
1548651374 3
1548651374 0
1548651374 0
1548651374 3
1548651374 0
1548651374 0
1548651374 0
1548651375 0
1548651375 3
1548651375 3
1548651375 3
1548651375 3
1548651375 3
1548651375 3
1548651375 3
1548651375 3
1548651375 3
1548651376 3
1548651376 3
1548651376 3
1548651376 3
1548651376 3
1548651376 3
1548651376 3
1548651376 0
1548651376 3
1548651377 3
1548651377 3
1548651377 3
1548651377 3
1548651377 3
1548651377 3
1548651377 3
1548651377 3
1548651378 3
1548651378 3
1548651378 3
1548651378 3
1548651378 3
1548651378 3
1548651378 3
1548651378 3
1548651378 3
1548651379 3
1548651379 3
1548651379 3
1548651379 3
1548651379 3
1548651379 3
1548651379 3
1548651379 3
1548651379 3
1548651380 3
1548651380 3
1548651380 3
1548651380 3
1548651380 3
1548651380 3
1548651380 3
1548651380 3
1548651380 3
1548651381 3
1548651381 3
1548651381 3
1548651381 3
1548651381 3
1548651381 3
1548651381 3
1548651381 3
1548651381 2
1548651381 3
1548651382 3
1548651382 3
1548651382 3
1548651382 3
1548651382 3
1548651382 3
1548651382 3
1548651382 3
1548651382 3
1548651383 3
1548651383 3
1548651383 3
1548651383 3
1548651383 3
1548651383 3
1548651383 3
1548651383 3
1548651384 0
1548651384 1
1548651384 3
1548651384 3
1548651384 3
1548651384 3
1548651384 3
1548651384 3
1548651384 3
1548651385 3
1548651385 3
1548651385 3
1548651385 3
1548651385 3
1548651385 3
1548651385 3
1548651385 3
1548651385 3
1548651386 2
1548651386 0
1548651386 0
1548651386 2
1548651386 0
1548651386 0
1548651386 0
1548651386 0
1548651386 0
1548651387 0
1548651387 0
1548651387 0
1548651387 0
1548651387 0
1548651387 0
1548651387 0
1548651387 0
1548651387 0
1548651388 0
1548651388 0
1548651388 0
1548651388 0
1548651388 0
1548651388 0
1548651388 2
1548651388 2
1548651388 3
1548651389 0
1548651389 0
1548651389 0
1548651389 0
1548651389 0
1548651389 0
1548651389 3
1548651389 0
1548651389 0
1548651390 2
1548651390 3
1548651390 3
1548651390 3
1548651390 3
1548651390 3
1548651390 3
1548651390 3
1548651390 3
1548651391 3
1548651391 2
1548651391 3
1548651391 3
1548651391 3
1548651391 1
1548651391 3
1548651391 2
1548651391 2
1548651392 2
1548651392 2
1548651392 1
1548651392 1
1548651392 1
1548651392 1
1548651392 1
1548651392 1
1548651393 1
1548651393 1
1548651393 1
1548651393 1
1548651393 1
1548651393 1
1548651393 1
1548651393 1
1548651393 1
1548651394 1
1548651394 3
1548651394 3
1548651394 3
1548651394 3
1548651394 3
1548651394 1
1548651394 3
1548651394 1
1548651395 3
1548651395 2
1548651395 1
1548651395 3
1548651395 3
1548651395 1
1548651395 0
1548651396 3
1548651396 1
1548651396 3
1548651396 2
1548651396 1
1548651396 1
1548651396 1
1548651396 1
1548651396 1
1548651397 3
1548651397 3
1548651397 3
1548651397 1
1548651397 3
1548651397 3
1548651397 3
1548651397 3
1548651397 3
1548651398 3
1548651398 3
1548651398 3
1548651398 3
1548651398 3
1548651398 3
1548651398 3
1548651398 0
1548651398 3
1548651399 3
1548651399 3
1548651399 3
1548651399 1
1548651399 3
1548651399 3
1548651399 3
1548651399 3
1548651399 3
1548651400 3
1548651400 3
1548651400 3
1548651400 3
1548651400 3
1548651400 3
1548651400 3
1548651400 3
1548651401 3
1548651401 3
1548651401 3
1548651401 3
1548651401 3
1548651401 3
1548651401 3
1548651402 3
1548651402 3
1548651402 3
1548651402 1
1548651402 3
1548651402 3
1548651402 2
1548651402 3
1548651402 3
1548651402 3
1548651403 0
1548651403 0
1548651403 0
1548651403 0
1548651403 0
1548651403 3
1548651403 3
1548651403 3
1548651404 3
1548651404 3
1548651404 3
1548651404 3
1548651404 3
1548651404 3
1548651404 3
1548651404 3
1548651404 3
1548651405 3
1548651405 3
1548651405 3
1548651405 3
1548651405 1
1548651405 1
1548651405 1
1548651405 1
1548651405 1
1548651406 1
1548651406 1
1548651406 1
1548651406 1
1548651406 1
1548651406 1
1548651406 1
1548651406 1
1548651406 1
1548651407 1
1548651407 1
1548651407 1
1548651407 1
1548651407 1
1548651407 1
1548651407 1
1548651407 2
1548651407 1
1548651408 1
1548651408 1
1548651408 3
1548651408 3
1548651408 3
1548651408 3
1548651408 3
1548651408 3
1548651409 3
1548651409 3
1548651409 2
1548651409 3
1548651409 3
1548651409 1
1548651409 3
1548651409 3
1548651409 1
1548651410 1
1548651410 1
1548651410 3
1548651410 1
1548651410 3
1548651410 1
1548651410 3
1548651410 1
1548651410 3
1548651411 1
1548651411 1
1548651411 1
1548651411 1
1548651411 1
1548651411 1
1548651411 1
1548651411 1
1548651411 1
1548651412 1
1548651412 3
1548651412 0
1548651412 3
1548651412 3
1548651412 3
1548651412 3
1548651412 3
1548651413 3
1548651413 3
1548651413 3
1548651413 3
1548651413 3
1548651413 3
1548651413 3
1548651413 3
1548651413 3
1548651414 3
1548651414 3
1548651414 0
1548651414 0
1548651414 0
1548651414 0
1548651414 0
1548651414 0
1548651414 0
1548651415 0
1548651415 0
1548651415 0
1548651415 0
1548651415 0
1548651415 0
1548651415 0
1548651415 0
1548651415 0
1548651416 3
1548651416 0
1548651416 0
1548651416 0
1548651416 0
1548651416 0
1548651416 0
1548651416 0
1548651416 0
1548651417 0
1548651417 3
1548651417 0
1548651417 2
1548651417 3
1548651417 3
1548651417 3
1548651417 3
1548651417 3
1548651418 3
1548651418 3
1548651418 0
1548651418 3
1548651418 3
1548651418 3
1548651418 3
1548651418 3
1548651419 3
1548651419 3
1548651419 3
1548651419 3
1548651419 3
1548651419 3
1548651419 2
1548651419 1
1548651419 1
1548651420 1
1548651420 1
1548651420 1
1548651420 1
1548651420 1
1548651420 1
1548651420 1
1548651420 3
1548651421 1
1548651421 1
1548651421 1
1548651421 1
1548651421 1
1548651421 1
1548651421 3
1548651421 3
1548651421 3
1548651422 1
1548651422 3
1548651422 3
1548651422 1
1548651422 3
1548651422 1
1548651422 3
1548651422 1
1548651422 3
1548651423 3
1548651423 1
1548651423 1
1548651423 3
1548651423 3
1548651423 1
1548651423 0
1548651423 3
1548651423 1
1548651424 3
1548651424 3
1548651424 3
1548651424 3
1548651424 3
1548651424 3
1548651424 3
1548651424 3
1548651425 3
1548651425 3
1548651425 3
1548651425 3
1548651425 3
1548651425 3
1548651425 3
1548651425 3
1548651425 3
1548651426 3
1548651426 3
1548651426 3
1548651426 3
1548651426 3
1548651426 3
1548651426 3
1548651426 3
1548651426 3
1548651427 0
1548651427 3
1548651427 3
1548651427 3
1548651427 3
1548651427 3
1548651427 3
1548651427 3
1548651428 3
1548651428 3
1548651428 3
1548651428 3
1548651428 3
1548651428 3
1548651428 3
1548651428 3
1548651428 3
1548651429 3
1548651429 3
1548651429 3
1548651429 3
1548651429 3
1548651429 3
1548651429 3
1548651429 3
1548651430 3
1548651430 3
1548651430 3
1548651430 0
1548651430 0
1548651430 0
1548651430 0
1548651430 0
1548651430 0
1548651431 3
1548651431 0
1548651431 0
1548651431 0
1548651431 0
1548651431 0
1548651432 0
1548651432 0
1548651432 0
1548651432 0
1548651432 0
1548651432 0
1548651432 0
1548651432 1
1548651433 0
1548651433 0
1548651433 1
1548651433 3
1548651433 1
1548651433 3
1548651433 3
1548651433 3
1548651434 2
1548651434 3
1548651434 3
1548651434 3
1548651434 3
1548651434 3
1548651434 3
1548651434 3
1548651434 2
1548651435 3
1548651435 3
1548651435 3
1548651435 3
1548651435 3
1548651435 3
1548651435 3
1548651435 1
1548651436 3
1548651436 3
1548651436 3
1548651436 3
1548651436 3
1548651436 3
1548651436 3
1548651436 3
1548651437 0
1548651437 3
1548651437 3
1548651437 3
1548651437 3
1548651437 3
1548651437 3
1548651437 3
1548651438 3
1548651438 3
1548651438 3
1548651438 3
1548651438 3
1548651438 3
1548651438 3
1548651438 0
1548651438 3
1548651439 0
1548651439 0
1548651439 0
1548651439 0
1548651439 0
1548651439 0
1548651439 0
1548651439 0
1548651440 0
1548651440 0
1548651440 0
1548651440 0
1548651440 0
1548651440 0
1548651440 0
1548651440 0
1548651440 0
1548651441 0
1548651441 0
1548651441 0
1548651441 3
1548651441 0
1548651441 0
1548651441 0
1548651441 0
1548651442 0
1548651442 0
1548651442 0
1548651442 0
1548651442 0
1548651442 0
1548651442 0
1548651443 0
1548651443 0
1548651443 0
1548651443 0
1548651443 0
1548651443 0
1548651443 0
1548651443 0
1548651444 3
1548651444 0
1548651444 0
1548651444 1
1548651444 3
1548651444 3
1548651444 3
1548651444 3
1548651444 3
1548651445 3
1548651445 3
1548651445 3
1548651445 3
1548651445 3
1548651445 3
1548651445 3
1548651445 3
1548651446 3
1548651446 3
1548651446 3
1548651446 3
1548651446 3
1548651446 3
1548651446 3
1548651446 3
1548651446 3
1548651447 3
1548651447 3
1548651447 3
1548651447 3
1548651447 3
1548651447 3
1548651447 3
1548651447 3
1548651448 3
1548651448 3
1548651448 3
1548651448 3
1548651448 3
1548651448 3
1548651448 3
1548651448 3
1548651448 3
1548651449 3
1548651449 3
1548651449 2
1548651449 3
1548651449 3
1548651449 3
1548651449 3
1548651449 3
1548651450 3
1548651450 3
1548651450 3
1548651450 1
1548651450 1
1548651450 1
1548651450 1
1548651450 1
1548651451 1
1548651451 1
1548651451 1
1548651451 3
1548651451 1
1548651451 1
1548651451 1
1548651451 1
1548651451 1
1548651452 1
1548651452 1
1548651452 1
1548651452 1
1548651452 1
1548651452 1
1548651452 3
1548651452 3
1548651453 1
1548651453 3
1548651453 1
1548651453 3
1548651453 3
1548651453 2
1548651453 1
1548651453 2
1548651453 1
1548651454 3
1548651454 1
1548651454 1
1548651454 3
1548651454 1
1548651454 3
1548651454 1
1548651454 1
1548651455 3
1548651455 0
1548651455 3
1548651455 1
1548651455 3
1548651455 3
1548651455 0
1548651455 1
1548651455 3
1548651456 3
1548651456 0
1548651456 3
1548651456 3
1548651456 3
1548651456 3
1548651456 1
1548651456 3
1548651457 3
1548651457 3
1548651457 3
1548651457 3
1548651457 3
1548651457 3
1548651457 0
1548651457 3
1548651457 0
1548651458 3
1548651458 3
1548651458 0
1548651458 3
1548651458 3
1548651458 3
1548651458 3
1548651458 3
1548651458 3
1548651459 3
1548651459 3
1548651459 3
1548651459 3
1548651459 3
1548651459 3
1548651459 3
1548651460 3
1548651460 3
1548651460 3
1548651460 3
1548651460 3
1548651460 3
1548651460 3
1548651460 3
1548651460 3
1548651461 3
1548651461 3
1548651461 3
1548651461 3
1548651462 3
1548651462 3
1548651462 3
1548651462 0
1548651462 0
1548651462 3
1548651462 3
1548651462 3
1548651463 0
1548651463 0
1548651463 0
1548651463 0
1548651463 0
1548651463 0
1548651463 0
1548651463 0
1548651464 0
1548651464 0
1548651464 0
1548651464 2
1548651464 0
1548651464 0
1548651464 1
1548651464 0
1548651465 3
1548651465 3
1548651465 3
1548651465 3
1548651465 3
1548651465 3
1548651465 2
1548651465 3
1548651465 3
1548651466 3
1548651466 3
1548651466 3
1548651466 3
1548651466 3
1548651466 3
1548651466 3
1548651466 3
1548651467 3
1548651467 3
1548651467 3
1548651467 1
1548651467 3
1548651467 3
1548651467 3
1548651467 3
1548651468 3
1548651468 3
1548651468 3
1548651468 3
1548651468 3
1548651468 3
1548651468 3
1548651468 3
1548651469 0
1548651469 1
1548651469 1
1548651469 1
1548651469 1
1548651469 1
1548651469 1
1548651470 1
1548651470 1
1548651470 1
1548651470 1
1548651470 1
1548651470 1
1548651470 1
1548651470 1
1548651471 1
1548651471 1
1548651471 3
1548651471 2
1548651471 3
1548651471 3
1548651471 3
1548651471 3
1548651471 1
1548651472 1
1548651472 3
1548651472 1
1548651472 1
1548651472 3
1548651472 1
1548651472 1
1548651472 3
1548651473 1
1548651473 1
1548651473 1
1548651473 0
1548651473 1
1548651473 1
1548651473 3
1548651473 3
1548651474 1
1548651474 3
1548651474 1
1548651474 3
1548651474 3
1548651474 1
1548651474 3
1548651474 3
1548651475 1
1548651475 3
1548651475 3
1548651475 1
1548651475 3
1548651475 3
1548651475 1
1548651475 3
1548651476 1
1548651476 3
1548651476 1
1548651476 1
1548651476 1
1548651476 1
1548651476 1
1548651476 1
1548651477 1
1548651477 1
1548651477 1
1548651477 1
1548651477 1
1548651477 1
1548651477 3
1548651477 3
1548651478 3
1548651478 3
1548651478 0
1548651478 3
1548651478 3
1548651478 3
1548651478 3
1548651478 3
1548651479 3
1548651479 3
1548651479 3
1548651479 1
1548651479 3
1548651479 3
1548651479 3
1548651479 3
1548651479 3
1548651480 3
1548651480 3
1548651480 3
1548651480 3
1548651480 3
1548651480 3
1548651480 3
1548651480 3
1548651481 3
1548651481 3
1548651481 0
1548651481 3
1548651481 3
1548651481 3
1548651481 3
1548651481 3
1548651482 3
1548651482 3
1548651482 3
1548651482 2
1548651482 3
1548651482 1
1548651482 3
1548651482 3
1548651483 3
1548651483 3
1548651483 2
1548651483 3
1548651483 3
1548651483 3
1548651483 3
1548651483 3
1548651484 3
1548651484 3
1548651484 3
1548651484 3
1548651484 3
1548651484 3
1548651484 3
1548651484 3
1548651485 3
1548651485 3
1548651485 3
1548651485 3
1548651485 3
1548651485 3
1548651485 3
1548651485 3
1548651486 3
1548651486 3
1548651486 3
1548651486 3
1548651486 3
1548651486 0
1548651486 0
1548651486 0
1548651486 0
1548651487 0
1548651487 0
1548651487 0
1548651487 0
1548651487 0
1548651487 2
1548651487 0
1548651487 0
1548651488 0
1548651488 0
1548651488 0
1548651488 0
1548651488 0
1548651488 0
1548651488 0
1548651488 0
1548651489 0
1548651489 0
1548651489 0
1548651489 0
1548651489 0
1548651489 0
1548651489 0
1548651489 3
1548651490 3
1548651490 3
1548651490 2
1548651490 3
1548651490 3
1548651490 3
1548651490 3
1548651490 3
1548651491 3
1548651491 3
1548651491 3
1548651491 3
1548651491 3
1548651492 3
1548651492 3
1548651492 3
1548651492 3
1548651492 2
1548651492 1
1548651492 3
1548651493 3
1548651493 1
1548651493 3
1548651493 3
1548651493 1
1548651493 3
1548651493 3
1548651493 1
1548651494 3
1548651494 3
1548651494 3
1548651494 3
1548651494 3
1548651494 3
1548651494 3
1548651494 3
1548651495 3
1548651495 3
1548651495 3
1548651495 3
1548651495 3
1548651495 3
1548651495 3
1548651495 3
1548651495 3
1548651496 3
1548651496 0
1548651496 3
1548651496 3
1548651496 3
1548651496 3
1548651496 2
1548651496 3
1548651497 3
1548651497 3
1548651497 3
1548651497 3
1548651497 3
1548651497 3
1548651497 3
1548651497 3
1548651498 3
1548651498 3
1548651498 3
1548651498 3
1548651498 3
1548651498 3
1548651498 3
1548651498 3
1548651499 3
1548651499 3
1548651499 3
1548651499 3
1548651499 3
1548651499 3
1548651499 3
1548651499 3
1548651500 3
1548651500 3
1548651500 3
1548651500 3
1548651500 3
1548651500 3
1548651500 3
1548651501 3
1548651501 3
1548651501 3
1548651501 0
1548651501 3
1548651501 1
1548651501 3
1548651501 3
1548651501 3
1548651502 3
1548651502 3
1548651502 0
1548651502 1
1548651502 0
1548651502 0
1548651502 0
1548651502 0
1548651503 0
1548651503 0
1548651503 0
1548651503 0
1548651503 0
1548651503 0
1548651503 0
1548651503 0
1548651504 0
1548651504 0
1548651504 0
1548651504 3
1548651504 0
1548651504 0
1548651504 0
1548651504 0
1548651505 0
1548651505 0
1548651505 0
1548651505 0
1548651505 0
1548651505 0
1548651505 0
1548651505 0
1548651506 0
1548651506 0
1548651506 0
1548651506 0
1548651506 0
1548651506 0
1548651506 0
1548651506 0
1548651507 0
1548651507 0
1548651507 0
1548651507 0
1548651507 0
1548651507 0
1548651507 0
1548651507 0
1548651508 0
1548651508 0
1548651508 0
1548651508 0
1548651508 0
1548651508 3
1548651508 3
1548651508 3
1548651509 3
1548651509 3
1548651509 3
1548651509 3
1548651509 3
1548651509 1
1548651509 2
1548651509 2
1548651510 2
1548651510 2
1548651510 3
1548651510 3
1548651510 3
1548651510 3
1548651510 3
1548651510 3
1548651511 3
1548651511 3
1548651511 3
1548651511 3
1548651511 3
1548651511 3
1548651511 3
1548651511 3
1548651512 3
1548651512 3
1548651512 0
1548651512 0
1548651512 1
1548651512 1
1548651512 3
1548651512 3
1548651513 3
1548651513 3
1548651513 3
1548651513 3
1548651513 3
1548651513 3
1548651513 3
1548651513 3
1548651513 1
1548651514 3
1548651514 3
1548651514 0
1548651514 0
1548651514 0
1548651514 0
1548651514 0
1548651514 3
1548651515 3
1548651515 3
1548651515 3
1548651515 3
1548651515 3
1548651515 3
1548651515 3
1548651515 3
1548651516 3
1548651516 3
1548651516 3
1548651516 3
1548651516 3
1548651516 3
1548651516 0
1548651516 3
1548651517 3
1548651517 3
1548651517 3
1548651517 3
1548651517 3
1548651517 3
1548651517 3
1548651517 3
1548651518 3
1548651518 3
1548651518 0
1548651518 2
1548651518 3
1548651518 3
1548651518 3
1548651518 3
1548651519 3
1548651519 3
1548651519 3
1548651519 3
1548651519 3
1548651519 3
1548651519 3
1548651520 3
1548651520 3
1548651520 0
1548651520 3
1548651520 3
1548651520 3
1548651520 3
1548651520 3
1548651521 0
1548651521 0
1548651521 0
1548651521 0
1548651521 0
1548651522 0
1548651522 3
1548651522 3
1548651522 3
1548651522 3
1548651522 3
1548651522 3
1548651522 3
1548651523 3
1548651523 3
1548651523 3
1548651523 3
1548651523 3
1548651523 3
1548651523 3
1548651523 3
1548651524 2
1548651524 3
1548651524 3
1548651524 3
1548651524 3
1548651524 3
1548651524 3
1548651525 3
1548651525 3
1548651525 3
1548651525 3
1548651525 3
1548651525 3
1548651525 3
1548651525 3
1548651526 3
1548651526 3
1548651526 3
1548651526 3
1548651526 0
1548651526 0
1548651526 0
1548651526 0
1548651527 0
1548651527 2
1548651527 0
1548651527 0
1548651527 0
1548651527 0
1548651527 0
1548651527 0
1548651527 0
1548651528 0
1548651528 0
1548651528 0
1548651528 0
1548651528 0
1548651528 0
1548651528 0
1548651528 0
1548651529 0
1548651529 0
1548651529 0
1548651529 1
1548651529 3
1548651529 3
1548651529 3
1548651529 3
1548651530 3
1548651530 3
1548651530 3
1548651530 3
1548651530 3
1548651530 3
1548651530 3
1548651530 3
1548651531 3
1548651531 3
1548651531 3
1548651531 3
1548651531 3
1548651531 3
1548651531 3
1548651531 3
1548651532 3
1548651532 3
1548651532 3
1548651532 3
1548651532 3
1548651532 1
1548651532 1
1548651533 1
1548651533 1
1548651533 1
1548651533 1
1548651533 1
1548651533 1
1548651533 3
1548651533 1
1548651534 1
1548651534 3
1548651534 1
1548651534 1
1548651534 3
1548651534 1
1548651534 1
1548651534 2
1548651535 1
1548651535 1
1548651535 1
1548651535 3
1548651535 3
1548651535 1
1548651535 3
1548651535 3
1548651536 1
1548651536 3
1548651536 3
1548651536 1
1548651536 0
1548651536 3
1548651536 1
1548651536 3
1548651537 1
1548651537 1
1548651537 3
1548651537 3
1548651537 3
1548651537 3
1548651537 3
1548651537 3
1548651538 3
1548651538 3
1548651538 3
1548651538 3
1548651538 3
1548651538 3
1548651538 3
1548651538 3
1548651539 3
1548651539 3
1548651539 3
1548651539 3
1548651539 1
1548651539 3
1548651539 3
1548651539 3
1548651540 3
1548651540 3
1548651540 3
1548651540 3
1548651540 3
1548651540 3
1548651540 3
1548651540 3
1548651541 3
1548651541 3
1548651541 1
1548651541 3
1548651541 3
1548651541 1
1548651541 1
1548651541 3
1548651542 3
1548651542 3
1548651542 3
1548651542 0
1548651542 3
1548651542 3
1548651542 3
1548651542 3
1548651543 3
1548651543 3
1548651543 3
1548651543 3
1548651543 3
1548651543 3
1548651543 3
1548651543 0
1548651544 3
1548651544 3
1548651544 3
1548651544 3
1548651544 0
1548651544 0
1548651544 0
1548651544 0
1548651545 0
1548651545 0
1548651545 0
1548651545 0
1548651545 0
1548651545 2
1548651545 0
1548651545 0
1548651546 0
1548651546 0
1548651546 1
1548651546 0
1548651546 0
1548651546 0
1548651546 0
1548651546 0
1548651547 0
1548651547 0
1548651547 0
1548651547 3
1548651547 3
1548651547 3
1548651547 3
1548651547 3
1548651548 3
1548651548 3
1548651548 3
1548651548 3
1548651548 3
1548651548 3
1548651548 3
1548651549 3
1548651549 3
1548651549 3
1548651549 3
1548651549 3
1548651549 3
1548651549 3
1548651549 3
1548651550 3
1548651550 3
1548651550 3
1548651550 3
1548651550 3
1548651550 3
1548651550 3
1548651550 3
1548651551 3
1548651551 1
1548651551 1
1548651551 1
1548651551 1
1548651551 1
1548651551 1
1548651552 1
1548651552 1
1548651552 1
1548651552 1
1548651552 1
1548651552 1
1548651552 1
1548651552 1
1548651553 1
1548651553 3
1548651553 1
1548651553 1
1548651553 1
1548651553 1
1548651553 1
1548651553 1
1548651554 1
1548651554 1
1548651554 1
1548651554 1
