1548650975 3269.307
1548650979 2404.4849
1548650982 3454.0706
1548650987 5318.345
1548650991 4878.0864
1548650994 1906.3777
1548650998 4604.884
1548651004 3144.8757
1548651009 3850.6985
1548651014 4046.5762
1548651020 5579.3037
1548651026 4625.7427
1548651030 3146.2354
1548651034 3015.4265
1548651038 2287.3296
1548651044 4622.9995
1548651048 3123.642
1548651053 2936.385
1548651057 2628.6328
1548651062 3290.0334
1548651067 3155.8184
1548651074 7947.2725
1548651079 3221.7573
1548651085 6252.3745
1548651091 4007.4062
1548651097 3275.624
1548651102 3612.1892
1548651107 2769.775
1548651114 5627.6987
1548651119 3463.0771
1548651125 4423.642
1548651131 4820.2134
1548651139 4059.273
1548651146 4208.7056
1548651153 3400.0776
1548651160 3507.637
1548651165 2442.38
1548651170 2148.3223
1548651176 3339.3914
1548651183 4335.056
1548651190 4298.885
1548651197 3484.61
1548651201 1833.9712
1548651206 1792.6659
1548651214 3512.4248
1548651219 2031.0793
1548651226 4402.4263
1548651231 2131.6814
1548651237 1703.8231
1548651245 4494.1406
1548651255 2739.7358
1548651261 2804.1814
1548651270 3431.859
1548651275 2615.9844
1548651281 3095.0447
1548651288 3290.5037
1548651295 861.2293
1548651301 2325.5947
1548651307 1219.2426
1548651313 2677.9219
1548651320 2151.2134
1548651326 3150.5896
1548651332 2484.2107
1548651342 3704.5923
1548651349 2888.9404
1548651357 2464.83
1548651368 2245.4229
1548651377 3144.772
1548651383 3292.9517
1548651392 2571.819
1548651399 587.99304
1548651405 2497.7004
1548651412 1933.7496
1548651419 2734.7188
1548651428 295.17947
1548651437 3006.8132
1548651444 1311.0529
1548651450 2524.1975
1548651459 1003.4499
1548651469 3448.218
1548651477 1637.4478
1548651484 2529.0942
1548651492 1755.4944
1548651500 2333.036
1548651510 1267.4014
1548651517 2820.5583
1548651524 2858.1914
1548651532 2846.6895
1548651542 192.31013
1548651550 1923.1862
