1548650975 -436.9086765017568
1548650978 -392.23746196982296
1548650982 -427.50870335081765
1548650987 -719.8419285691604
1548650991 -622.6097076703654
1548650994 -317.48941932070545
1548650998 -560.8789119224714
1548651004 -403.45132939658833
1548651009 -539.7638205522112
1548651014 -578.7708700150479
1548651020 -677.0306132079088
1548651026 -652.3805362469026
1548651030 -453.9129608689583
1548651034 -413.11661091203115
1548651038 -374.22313992916014
1548651044 -586.5680114755544
1548651047 -417.5672672565991
1548651053 -446.28264158188006
1548651057 -403.6833546884968
1548651062 -451.99518926908524
1548651067 -472.25243901957685
1548651074 -911.1066219501048
1548651079 -465.29628275638237
1548651085 -775.5034953107798
1548651091 -540.6602939166721
1548651097 -470.854739142179
1548651102 -514.9784474291123
1548651107 -413.4797536213502
1548651114 -701.1881079053023
1548651119 -470.0903343555357
1548651125 -608.981495489786
1548651131 -620.8958050356711
1548651139 -603.5259173789714
1548651146 -630.5981555255801
1548651153 -596.6313730050738
1548651160 -532.7353930290959
1548651165 -408.49532916115936
1548651170 -372.45279628054317
1548651176 -475.2269102902486
1548651183 -669.9405975441697
1548651190 -573.4045947305467
1548651197 -526.6330327778296
1548651201 -312.31571358356723
1548651206 -302.8817966110728
1548651214 -556.525351575137
1548651219 -342.7915385350452
1548651226 -576.9890758436735
1548651231 -367.4649866874463
1548651237 -366.82167738371623
1548651245 -659.4305570149522
1548651255 -535.0007519508936
1548651261 -434.8630907523472
1548651270 -541.7413368886075
1548651275 -369.3403089374405
1548651281 -433.9949890607258
1548651288 -468.78040012040066
1548651295 -302.6287830259904
1548651301 -388.24689146909293
1548651307 -314.96934111593765
1548651313 -399.0802445866327
1548651320 -378.1718810966016
1548651326 -458.27811825736666
1548651332 -384.695574080814
1548651342 -577.256375448954
1548651349 -491.1231782719049
1548651357 -462.91177613865807
1548651367 -510.6566349829926
1548651377 -547.3301562331776
1548651383 -440.41611654177046
1548651392 -474.25086643792827
1548651399 -220.51351742416153
1548651405 -366.64803982388327
1548651412 -380.8969879599553
1548651419 -431.8896125969769
1548651428 -134.230064823784
1548651437 -483.7680897300424
1548651444 -316.3572648058897
1548651450 -372.05922080317777
1548651459 -302.7210804071766
1548651469 -504.3348668459929
1548651477 -377.6610898904111
1548651484 -390.95148267329716
1548651492 -369.855661456672
1548651500 -398.14272724456544
1548651510 -399.20557225419594
1548651517 -409.18733399188267
1548651524 -398.99007489508756
1548651532 -450.4930055207281
1548651542 -55.749097136809915
1548651550 -374.0812230373723
