1548650944 0
1548650944 0
1548650945 0
1548650945 0
1548650945 0
1548650945 0
1548650945 0
1548650945 0
1548650945 3
1548650945 0
1548650945 2
1548650945 2
1548650945 2
1548650945 2
1548650945 2
1548650945 0
1548650945 2
1548650945 2
1548650945 2
1548650945 2
1548650945 0
1548650945 2
1548650946 3
1548650946 2
1548650946 2
1548650946 2
1548650946 2
1548650946 2
1548650946 0
1548650946 2
1548650946 2
1548650946 2
1548650946 1
1548650946 2
1548650946 2
1548650946 3
1548650946 2
1548650946 2
1548650946 2
1548650946 0
1548650946 0
1548650946 2
1548650947 0
1548650947 2
1548650947 0
1548650947 2
1548650947 2
1548650947 1
1548650947 2
1548650947 2
1548650947 2
1548650947 0
1548650947 2
1548650947 2
1548650947 0
1548650947 2
1548650947 2
1548650947 2
1548650947 2
1548650947 2
1548650947 2
1548650947 2
1548650948 2
1548650948 0
1548650948 2
1548650948 2
1548650948 2
1548650948 3
1548650948 2
1548650948 2
1548650948 2
1548650948 2
1548650948 2
1548650948 2
1548650948 2
1548650948 2
1548650948 2
1548650948 2
1548650948 2
1548650948 2
1548650948 0
1548650948 2
1548650949 2
1548650949 3
1548650949 2
1548650949 2
1548650949 0
1548650949 0
1548650949 2
1548650949 2
1548650949 2
1548650949 0
1548650949 2
1548650949 0
1548650949 1
1548650949 2
1548650949 2
1548650949 2
1548650949 1
1548650949 2
1548650949 2
1548650949 2
1548650950 2
1548650950 2
1548650950 1
1548650950 2
1548650950 2
1548650950 2
1548650950 2
1548650950 1
1548650950 1
1548650950 2
1548650950 2
1548650950 3
1548650950 2
1548650950 2
1548650950 2
1548650950 2
1548650950 2
1548650950 2
1548650950 2
1548650950 2
1548650951 2
1548650951 2
1548650951 2
1548650951 3
1548650951 1
1548650951 2
1548650951 2
1548650951 0
1548650951 1
1548650951 0
1548650951 0
1548650951 0
1548650951 1
1548650951 0
1548650951 0
1548650951 0
1548650952 0
1548650952 0
1548650952 0
1548650952 0
1548650952 0
1548650952 0
1548650952 0
1548650952 0
1548650952 0
1548650952 0
1548650952 0
1548650952 0
1548650952 0
1548650952 1
1548650952 0
1548650952 1
1548650952 0
1548650952 0
1548650952 0
1548650953 0
1548650953 0
1548650953 0
1548650953 0
1548650953 0
1548650953 0
1548650953 0
1548650953 0
1548650953 0
1548650953 0
1548650953 0
1548650953 0
1548650953 0
1548650953 0
1548650953 0
1548650953 0
1548650953 0
1548650953 3
1548650953 0
1548650954 0
1548650954 0
1548650954 0
1548650954 0
1548650954 0
1548650954 0
1548650954 1
1548650954 0
1548650954 3
1548650954 0
1548650954 0
1548650954 0
1548650954 0
1548650954 0
1548650954 0
1548650954 0
1548650954 0
1548650954 0
1548650955 0
1548650955 0
1548650955 0
1548650955 0
1548650955 0
1548650955 0
1548650955 0
1548650955 0
1548650955 3
1548650955 0
1548650955 1
1548650955 1
1548650955 1
1548650955 1
1548650955 0
1548650955 1
1548650955 2
1548650955 1
1548650955 0
1548650956 0
1548650956 1
1548650956 0
1548650956 1
1548650956 1
1548650956 1
1548650956 0
1548650956 0
1548650956 0
1548650956 0
1548650956 0
1548650956 0
1548650956 0
1548650956 0
1548650956 0
1548650956 0
1548650956 0
1548650956 3
1548650957 0
1548650957 0
1548650957 0
1548650957 0
1548650957 0
1548650957 3
1548650957 0
1548650957 0
1548650957 0
1548650957 0
1548650957 0
1548650957 0
1548650957 0
1548650957 0
1548650957 0
1548650957 0
1548650957 0
1548650957 0
1548650957 0
1548650958 0
1548650958 0
1548650958 0
1548650958 0
1548650958 0
1548650958 0
1548650958 0
1548650958 0
1548650958 0
1548650958 0
1548650958 0
1548650958 0
1548650958 0
1548650958 0
1548650958 1
1548650958 0
1548650958 0
1548650958 2
1548650959 0
1548650959 0
1548650959 2
1548650959 0
1548650959 3
1548650959 2
1548650959 2
1548650959 2
1548650959 2
1548650959 2
1548650959 2
1548650959 2
