1548650944 0.11687123472833605
1548650944 0.11687123472833605
1548650945 0.042450276422158595
1548650945 0.042450276422158595
1548650945 -0.018533676796550935
1548650945 -0.018533676796550935
1548650945 -0.08732893154726185
1548650945 -0.08732893154726185
1548650945 -0.16186308886472034
1548650945 -0.16186308886472034
1548650945 -0.2414089395201131
1548650945 -0.2414089395201131
1548650945 -0.32505869076535987
1548650945 -0.32505869076535987
1548650945 -0.41165603046695765
1548650945 -0.41165603046695765
1548650945 0.5324059512442443
1548650945 0.5324059512442443
1548650945 -0.4093685219709471
1548650945 -0.4093685219709471
1548650945 -2.3232283822750217
1548650945 -2.3232283822750217
1548650945 -2.2708534413193773
1548650945 -2.2708534413193773
1548650945 -2.231524445032238
1548650945 -2.231524445032238
1548650945 -0.43677246162882283
1548650945 -0.43677246162882283
1548650945 -2.8414970323352575
1548650945 -2.8414970323352575
1548650945 0.07110791573450115
1548650945 0.07110791573450115
1548650945 -2.0909670460967957
1548650945 -2.0909670460967957
1548650945 -2.524995875273947
1548650945 -2.524995875273947
1548650945 -2.0366738533395106
1548650945 -2.0366738533395106
1548650945 -2.9272666673131083
1548650945 -2.9272666673131083
1548650945 0.230293384914944
1548650945 0.230293384914944
1548650946 -1.6674587817245368
1548650946 -1.6674587817245368
1548650946 1.2102161118069727
1548650946 1.2102161118069727
1548650946 -3.280801449541758
1548650946 -3.280801449541758
1548650946 -1.381510611616011
1548650946 -1.381510611616011
1548650946 -0.3080337346153669
1548650946 -0.3080337346153669
1548650946 -4.0418334324792395
1548650946 -4.0418334324792395
1548650946 -0.8028607427836392
1548650946 -0.8028607427836392
1548650946 0.48606942945261267
1548650946 0.48606942945261267
1548650946 -3.793310583990677
1548650946 -3.793310583990677
1548650946 0.35592434028042136
1548650946 0.35592434028042136
1548650946 -2.253142163179052
1548650946 -2.253142163179052
1548650946 -0.5090279933706074
1548650946 -0.5090279933706074
1548650946 0.09169722557420529
1548650946 0.09169722557420529
1548650946 -1.3142945573208522
1548650946 -1.3142945573208522
1548650946 1.4221187086439795
1548650946 1.4221187086439795
1548650946 -1.1202528031386578
1548650946 -1.1202528031386578
1548650946 -1.7497739555095564
1548650946 -1.7497739555095564
1548650946 -2.1207014837311133
1548650946 -2.1207014837311133
1548650946 0.35228124240529723
1548650946 0.35228124240529723
1548650946 0.32190003554003965
1548650946 0.32190003554003965
1548650947 -3.076639806804553
1548650947 -3.076639806804553
1548650947 0.3086931851865131
1548650947 0.3086931851865131
1548650947 -3.3895233276234533
1548650947 -3.3895233276234533
1548650947 0.3241343610913816
1548650947 0.3241343610913816
1548650947 -3.8091069598952343
1548650947 -3.8091069598952343
1548650947 -4.373583294812039
1548650947 -4.373583294812039
1548650947 -0.5086894420666386
1548650947 -0.5086894420666386
1548650947 -1.6268343617858705
1548650947 -1.6268343617858705
1548650947 -2.3013787330190096
1548650947 -2.3013787330190096
1548650947 -2.701655938816219
1548650947 -2.701655938816219
1548650947 0.15894805238832532
1548650947 0.15894805238832532
1548650947 -4.030867598570313
1548650947 -4.030867598570313
1548650947 -2.0809694825933773
1548650947 -2.0809694825933773
1548650947 0.13807053605489727
1548650947 0.13807053605489727
1548650947 -1.4169275810194961
1548650947 -1.4169275810194961
1548650947 -3.1778112657691677
1548650947 -3.1778112657691677
1548650947 -2.935101462899911
1548650947 -2.935101462899911
1548650947 -3.2229482787789605
1548650947 -3.2229482787789605
1548650947 -3.5054193031523253
1548650947 -3.5054193031523253
1548650947 -2.509355475659663
1548650947 -2.509355475659663
1548650947 -1.2690074431223366
1548650948 -1.2690074431223366
1548650948 -1.7581476538786547
1548650948 -1.7581476538786547
1548650948 0.024970877593204932
1548650948 0.024970877593204932
1548650948 -2.0789044389677995
1548650948 -2.0789044389677995
1548650948 -1.9696335318623028
1548650948 -1.9696335318623028
1548650948 -4.949096057780809
1548650948 -4.949096057780809
1548650948 0.7797780027827639
1548650948 0.7797780027827639
1548650948 -4.4254561927637495
1548650948 -4.4254561927637495
1548650948 -1.8025102140638183
1548650948 -1.8025102140638183
1548650948 -3.3256339796451924
1548650948 -3.3256339796451924
1548650948 -5.309149637559403
1548650948 -5.309149637559403
1548650948 -4.111420122570325
1548650948 -4.111420122570325
1548650948 -3.779544008585094
1548650948 -3.779544008585094
1548650948 -4.244116064537354
1548650948 -4.244116064537354
1548650948 -4.612297767214943
1548650948 -4.612297767214943
1548650948 -3.5982345198262236
1548650948 -3.5982345198262236
1548650948 -4.457443685826365
1548650948 -4.457443685826365
1548650948 -5.02075383375045
1548650948 -5.02075383375045
1548650948 -3.930905290695125
1548650948 -3.930905290695125
1548650948 0.0756990046841679
1548650948 0.0756990046841679
1548650948 -6.2372739956336885
1548650949 -6.2372739956336885
1548650949 -4.031048132874491
1548650949 -4.031048132874491
1548650949 0.8044569319833681
1548650949 0.8044569319833681
1548650949 -1.6182741113134853
1548650949 -1.6182741113134853
1548650949 -4.105221149586941
1548650949 -4.105221149586941
1548650949 0.0713266099470502
1548650949 0.0713266099470502
1548650949 0.08983241624480343
1548650949 0.08983241624480343
1548650949 -3.949796368191403
1548650949 -3.949796368191403
1548650949 -1.0168313366654502
1548650949 -1.0168313366654502
1548650949 -2.6775084897061445
1548650949 -2.6775084897061445
1548650949 0.08401999076994571
1548650949 0.08401999076994571
1548650949 -3.423607406299527
1548650949 -3.423607406299527
1548650949 0.15012244120089235
1548650949 0.15012244120089235
1548650949 -0.6978644067785058
1548650949 -0.6978644067785058
1548650949 -3.7534708798321956
1548650949 -3.7534708798321956
1548650949 -4.227696543620129
1548650949 -4.227696543620129
1548650949 -4.010566557866855
1548650949 -4.010566557866855
1548650949 -0.7099785007041806
1548650949 -0.7099785007041806
1548650949 -6.0534612680515805
1548650949 -6.0534612680515805
1548650949 -5.9850489408116685
1548650949 -5.9850489408116685
1548650949 -1.7823983148087337
1548650950 -1.7823983148087337
1548650950 -3.961193869271301
1548650950 -3.961193869271301
1548650950 -4.721639810910392
1548650950 -4.721639810910392
1548650950 -0.9763322206936482
1548650950 -0.9763322206936482
1548650950 -2.331210237293635
1548650950 -2.331210237293635
1548650950 -3.2153751147189267
1548650950 -3.2153751147189267
1548650950 -2.195036465907253
1548650950 -2.195036465907253
1548650950 -6.485953424945921
1548650950 -6.485953424945921
1548650950 -1.4430012193161292
1548650950 -1.4430012193161292
1548650950 -1.82956486646131
1548650950 -1.82956486646131
1548650950 -5.25315691440976
1548650950 -5.25315691440976
1548650950 -3.662987492342654
1548650950 -3.662987492342654
1548650950 0.08582272703543595
1548650950 0.08582272703543595
1548650950 -3.1849546907842408
1548650950 -3.1849546907842408
1548650950 -2.5283541341353155
1548650950 -2.5283541341353155
1548650950 -6.50720138818865
1548650950 -6.50720138818865
1548650950 -2.382647329427914
1548650950 -2.382647329427914
1548650950 -5.478553442665873
1548650950 -5.478553442665873
1548650950 -3.7401752007003095
1548650950 -3.7401752007003095
1548650950 -4.781945435538421
1548650950 -4.781945435538421
1548650951 -2.2397256784231443
1548650951 -2.2397256784231443
1548650951 -4.42805191308621
1548650951 -4.42805191308621
1548650951 -3.327165788840307
1548650951 -3.327165788840307
1548650951 -5.2236863914694025
1548650951 -5.2236863914694025
1548650951 0.0180026576242949
1548650951 0.0180026576242949
1548650951 -1.7278668628906917
1548650951 -1.7278668628906917
1548650951 -3.007664385559326
1548650951 -3.007664385559326
1548650951 -100
1548650951 -100
1548650951 2.2108795093813
1548650951 2.2108795093813
1548650951 1.8416788414957932
1548650951 1.8416788414957932
1548650951 2.0849057908388033
1548650951 2.0849057908388033
1548650951 2.0176071616287174
1548650951 2.0176071616287174
1548650951 1.7373103373102765
1548650951 1.7373103373102765
1548650951 -0.3925397457087161
1548650951 -0.3925397457087161
1548650951 -1.0793498181918153
1548650951 -1.0793498181918153
1548650951 -2.0805237587314593
1548650951 -2.0805237587314593
1548650952 -2.4764617261771207
1548650952 -2.4764617261771207
1548650952 -2.6088192110342163
1548650952 -2.6088192110342163
1548650952 -2.6413312421378237
1548650952 -2.6413312421378237
1548650952 -2.631649302062101
1548650952 -2.631649302062101
1548650952 -2.601682265650851
1548650952 -2.601682265650851
1548650952 -2.5609690521858965
1548650952 -2.5609690521858965
1548650952 -2.514029965181834
1548650952 -2.514029965181834
1548650952 -2.4632818139791084
1548650952 -2.4632818139791084
1548650952 -2.4100321347515603
1548650952 -2.4100321347515603
1548650952 -2.355145594235154
1548650952 -2.355145594235154
1548650952 -2.299063231191809
1548650952 -2.299063231191809
1548650952 -2.242162520522214
1548650952 -2.242162520522214
1548650952 -2.1846405768341697
1548650952 -2.1846405768341697
1548650952 -2.1266682210128067
1548650952 -2.1266682210128067
1548650952 -2.323669803041382
1548650952 -2.323669803041382
1548650952 -2.1566248463012414
1548650952 -2.1566248463012414
1548650952 -2.520526775632702
1548650952 -2.520526775632702
1548650952 -2.1947724580623458
1548650952 -2.1947724580623458
1548650952 -2.136457605308607
1548650952 -2.136457605308607
1548650953 -2.0779173339775525
1548650953 -2.0779173339775525
1548650953 -2.0192313101221657
1548650953 -2.0192313101221657
1548650953 -1.9603702444863984
1548650953 -1.9603702444863984
1548650953 -1.9013938266576815
1548650953 -1.9013938266576815
1548650953 -1.8423236744450833
1548650953 -1.8423236744450833
1548650953 -1.7831632626302394
1548650953 -1.7831632626302394
1548650953 -1.7239233872383295
1548650953 -1.7239233872383295
1548650953 -1.6646249298217697
1548650953 -1.6646249298217697
1548650953 -1.6052748655888536
1548650953 -1.6052748655888536
1548650953 -1.5458738221149702
1548650953 -1.5458738221149702
1548650953 -1.4864373565262952
1548650953 -1.4864373565262952
1548650953 -1.4269524205706716
1548650953 -1.4269524205706716
1548650953 -1.367451471780015
1548650953 -1.367451471780015
1548650953 -1.3079193944980716
1548650953 -1.3079193944980716
1548650953 -1.248375056014197
1548650953 -1.248375056014197
1548650953 -1.1888045128326894
1548650953 -1.1888045128326894
1548650953 -1.1292210501263185
1548650953 -1.1292210501263185
1548650953 -1.069642071096581
1548650953 -1.069642071096581
1548650953 -0.7268716534626936
1548650953 -0.7268716534626936
1548650954 -0.7919995547863437
1548650954 -0.7919995547863437
1548650954 -0.7322950534812378
1548650954 -0.7322950534812378
1548650954 -0.6726436310324573
1548650954 -0.6726436310324573
1548650954 -0.6129451105949784
1548650954 -0.6129451105949784
1548650954 -0.5532972905846805
1548650954 -0.5532972905846805
1548650954 -0.49364026283552676
1548650954 -0.49364026283552676
1548650954 -0.4340425992797634
1548650954 -0.4340425992797634
1548650954 -0.8294258709419171
1548650954 -0.8294258709419171
1548650954 -0.4974854045635766
1548650954 -0.4974854045635766
1548650954 -0.022122374016901175
1548650954 -0.022122374016901175
1548650954 -0.1668101700772695
1548650954 -0.1668101700772695
1548650954 -0.10744874605867949
1548650954 -0.10744874605867949
1548650954 -0.04813945715028467
1548650954 -0.04813945715028467
1548650954 0.01105064036644876
1548650954 0.01105064036644876
1548650954 0.07007031110561002
1548650954 0.07007031110561002
1548650954 0.1288647233614313
1548650954 0.1288647233614313
1548650954 0.18740784799979338
1548650954 0.18740784799979338
1548650954 0.24554142373000332
1548650954 0.24554142373000332
1548650954 0.30310330759579074
1548650954 0.30310330759579074
1548650955 0.3598501996308414
1548650955 0.3598501996308414
1548650955 0.4153566169632086
1548650955 0.4153566169632086
1548650955 0.4687796646415734
1548650955 0.4687796646415734
1548650955 0.5187044371615173
1548650955 0.5187044371615173
1548650955 0.5620195985838734
1548650955 0.5620195985838734
1548650955 0.5913491761145053
1548650955 0.5913491761145053
1548650955 0.5854547655866611
1548650955 0.5854547655866611
1548650955 0.4622989269915081
1548650955 0.4622989269915081
1548650955 10.23202868455502
1548650955 10.23202868455502
1548650955 -100
1548650955 -100
1548650955 -0.12897179601932748
1548650955 -0.12897179601932748
1548650955 -0.19933578518970194
1548650955 -0.19933578518970194
1548650955 0.308787739933025
1548650955 0.308787739933025
1548650955 0.3690627278394356
1548650955 0.3690627278394356
1548650955 -0.481907613929053
1548650955 -0.481907613929053
1548650955 0.2825501676045985
1548650955 0.2825501676045985
1548650955 3.0071837875739336
1548650955 3.0071837875739336
1548650955 0.7377310283920064
1548650955 0.7377310283920064
1548650956 -0.167429176603207
1548650956 -0.167429176603207
1548650956 -0.1622221835115738
1548650956 -0.1622221835115738
1548650956 0.6232072582139108
1548650956 0.6232072582139108
1548650956 0.020065958424908104
1548650956 0.020065958424908104
1548650956 -0.21081272339387055
1548650956 -0.21081272339387055
1548650956 -0.6517188901374584
1548650956 -0.6517188901374584
1548650956 -0.885736672286696
1548650956 -0.885736672286696
1548650956 -1.5157204937312372
1548650956 -1.5157204937312372
1548650956 -1.4928613144852534
1548650956 -1.4928613144852534
1548650956 -1.4683656969098706
1548650956 -1.4683656969098706
1548650956 -1.4423470528568032
1548650956 -1.4423470528568032
1548650956 -1.4150657553153962
1548650956 -1.4150657553153962
1548650956 -1.3866615027664295
1548650956 -1.3866615027664295
1548650956 -1.3573102647264363
1548650956 -1.3573102647264363
1548650956 -1.3271040169550474
1548650956 -1.3271040169550474
1548650956 -1.2962792972595025
1548650956 -1.2962792972595025
1548650956 -1.2565332962552134
1548650956 -1.2565332962552134
1548650956 -1.2885320524300141
1548650956 -1.2885320524300141
1548650956 -1.4662143467039346
1548650956 -1.4662143467039346
1548650957 -0.9326829584131247
1548650957 -0.9326829584131247
1548650957 -0.901688040399165
1548650957 -0.901688040399165
1548650957 -0.8711227067570917
1548650957 -0.8711227067570917
1548650957 -0.8412319392537597
1548650957 -0.8412319392537597
1548650957 -0.8122407119127502
1548650957 -0.8122407119127502
1548650957 -1.0043174197250255
1548650957 -1.0043174197250255
1548650957 -0.5140808926726663
1548650957 -0.5140808926726663
1548650957 -0.4903573917548272
1548650957 -0.4903573917548272
1548650957 -0.4690323790972286
1548650957 -0.4690323790972286
1548650957 -0.4506124831430611
1548650957 -0.4506124831430611
1548650957 -0.4357134098968345
1548650957 -0.4357134098968345
1548650957 -0.42505905827613333
1548650957 -0.42505905827613333
1548650957 -0.41954079492717256
1548650957 -0.41954079492717256
1548650957 -0.4202080013118916
1548650957 -0.4202080013118916
1548650957 -0.42829131573867585
1548650957 -0.42829131573867585
1548650957 -0.4453479704073118
1548650957 -0.4453479704073118
1548650957 -0.4732532314442892
1548650957 -0.4732532314442892
1548650957 -0.5142440628529243
1548650957 -0.5142440628529243
1548650957 -0.5710020712547248
1548650958 -0.5710020712547248
1548650958 -0.6468176987682739
1548650958 -0.6468176987682739
1548650958 -0.7454971377577806
1548650958 -0.7454971377577806
1548650958 -0.8714403603345033
1548650958 -0.8714403603345033
1548650958 -1.0295364043158486
1548650958 -1.0295364043158486
1548650958 -1.2248246991860867
1548650958 -1.2248246991860867
1548650958 -1.462117106587499
1548650958 -1.462117106587499
1548650958 -1.7449837729464832
1548650958 -1.7449837729464832
1548650958 -2.0747736312154927
1548650958 -2.0747736312154927
1548650958 -2.4493031930417146
1548650958 -2.4493031930417146
1548650958 -2.8619577039349906
1548650958 -2.8619577039349906
1548650958 -3.301689038595157
1548650958 -3.301689038595157
1548650958 6.245884341852104
1548650958 6.245884341852104
1548650958 2.721843843015108
1548650958 2.721843843015108
1548650958 -100
1548650958 -100
1548650958 -2.3794705413265533
1548650958 -2.3794705413265533
1548650958 -1.5834771781633492
1548650958 -1.5834771781633492
1548650958 -1.5895170174923123
1548650958 -1.5895170174923123
1548650958 3.145590144951666
1548650959 3.145590144951666
1548650959 -1.6911577208331607
1548650959 -1.6911577208331607
1548650959 -1.6927725177862953
1548650959 -1.6927725177862953
1548650959 1.1824139891619267
1548650959 1.1824139891619267
1548650959 -1.6134280459501156
1548650959 -1.6134280459501156
1548650959 -0.8611330927399752
1548650959 -0.8611330927399752
1548650959 1.812553192817728
1548650959 1.812553192817728
1548650959 -0.32513298672568
1548650959 -0.32513298672568
1548650959 -0.8315728015432626
1548650959 -0.8315728015432626
1548650959 2.2815878674524415
1548650959 2.2815878674524415
1548650959 2.336121718891502
1548650959 2.336121718891502
1548650959 -0.9959900378149655
1548650959 -0.9959900378149655
1548650959 1.284397459468704
