1548650944 -0.065988384
1548650945 -0.07068825
1548650945 -0.07542301
1548650945 -0.08018034
1548650945 -0.084960625
1548650945 -0.087215185
1548650945 -0.08316286
1548650945 -0.07890654
1548650945 -0.06469313
1548650945 -0.058909256
1548650945 -0.068194546
1548650945 -0.07822765
1548650945 -0.07632627
1548650945 -0.098638296
1548650945 -0.10440097
1548650945 -0.1009637
1548650945 -0.10146415
1548650945 -0.09683013
1548650945 -0.10613325
1548650945 -0.11373332
1548650945 -0.111079186
1548650946 -0.11095176
1548650946 -0.086239405
1548650946 -0.09332638
1548650946 -0.08902664
1548650946 -0.09188884
1548650946 -0.10249871
1548650946 -0.10603151
1548650946 -0.09367728
1548650946 -0.09712085
1548650946 -0.10446515
1548650946 -0.11078284
1548650946 -0.109901406
1548650946 -0.117543004
1548650946 -0.12698866
1548650946 -0.09832556
1548650946 -0.11971906
1548650946 -0.1459685
1548650946 -0.14937897
1548650946 -0.1530597
1548650946 -0.14962497
1548650946 -0.15784122
1548650947 -0.15240863
1548650947 -0.15074344
1548650947 -0.14016137
1548650947 -0.14724575
1548650947 -0.14896467
1548650947 -0.15193427
1548650947 -0.16439219
1548650947 -0.16283326
1548650947 -0.1828759
1548650947 -0.17665052
1548650947 -0.17576626
1548650947 -0.19086955
1548650947 -0.18135943
1548650947 -0.18381871
1548650947 -0.17544872
1548650947 -0.16531366
1548650947 -0.17141974
1548650947 -0.17980629
1548650947 -0.19602509
1548650947 -0.20517951
1548650948 -0.21561639
1548650948 -0.20506248
1548650948 -0.21312225
1548650948 -0.21580502
1548650948 -0.22578786
1548650948 -0.20335265
1548650948 -0.20795539
1548650948 -0.21684681
1548650948 -0.20772612
1548650948 -0.21682806
1548650948 -0.217771
1548650948 -0.23185381
1548650948 -0.24615957
1548650948 -0.24930601
1548650948 -0.24517603
1548650948 -0.24176049
1548650948 -0.25483435
1548650948 -0.26076418
1548650948 -0.25242087
1548650948 -0.25843805
1548650949 -0.2685656
1548650949 -0.2611112
1548650949 -0.26921463
1548650949 -0.27193552
1548650949 -0.27476487
1548650949 -0.27332464
1548650949 -0.2708898
1548650949 -0.27778813
1548650949 -0.27848935
1548650949 -0.26961964
1548650949 -0.26225868
1548650949 -0.2534741
1548650949 -0.2552673
1548650949 -0.2533639
1548650949 -0.2609601
1548650949 -0.25673524
1548650949 -0.2573485
1548650949 -0.2679416
1548650949 -0.27918035
1548650949 -0.29226187
1548650950 -0.29136226
1548650950 -0.30221626
1548650950 -0.30354908
1548650950 -0.31438267
1548650950 -0.31902447
1548650950 -0.32955348
1548650950 -0.33593857
1548650950 -0.3389195
1548650950 -0.34340012
1548650950 -0.34584853
1548650950 -0.34695494
1548650950 -0.32517523
1548650950 -0.3284445
1548650950 -0.3351456
1548650950 -0.33752602
1548650950 -0.34741107
1548650950 -0.36393657
1548650950 -0.36036742
1548650950 -0.37696198
1548650951 -0.38304356
1548650951 -0.3753548
1548650951 -0.37845442
1548650951 -0.3761097
1548650951 -0.35523227
1548650951 -0.35908654
1548650951 -0.3673665
1548650951 -477.19665630595915
1548650951 0.06271757
1548650951 0.05323139
1548650951 0.05810219
1548650951 0.06292328
1548650951 0.06770477
1548650951 0.05961868
1548650951 0.06387539
1548650951 0.068084516
1548650951 0.072254516
1548650952 0.07638321
1548650952 0.080470435
1548650952 0.08451621
1548650952 0.09037229
1548650952 0.09892818
1548650952 0.10746905
1548650952 0.115993835
1548650952 0.12486555
1548650952 0.13380939
1548650952 0.14273608
1548650952 0.15164445
1548650952 0.1572039
1548650952 0.16071285
1548650952 0.15849791
1548650952 0.16341782
1548650952 0.15024088
1548650952 0.15487663
1548650952 0.16090705
1548650952 0.16696665
1548650953 0.17448257
1548650953 0.18506624
1548650953 0.19567281
1548650953 0.2062992
1548650953 0.21694253
1548650953 0.22759943
1548650953 0.23633344
1548650953 0.24079052
1548650953 0.24525362
1548650953 0.2497227
1548650953 0.25419757
1548650953 0.2586775
1548650953 0.26505074
1548650953 0.27359033
1548650953 0.283171
1548650953 0.2981148
1548650953 0.31046158
1548650953 0.323569
1548650953 0.33704224
1548650954 0.34863594
1548650954 0.3573754
1548650954 0.3661197
1548650954 0.37486595
1548650954 0.38361162
1548650954 0.3925314
1548650954 0.4006403
1548650954 0.409752
1548650954 0.4201208
1548650954 0.4267882
1548650954 0.43026975
1548650954 0.43372265
1548650954 0.43714648
1548650954 0.44054198
1548650954 0.44378963
1548650954 0.44695958
1548650954 0.4501137
1548650954 0.45325154
1548650955 0.45637316
1548650955 0.45947874
1548650955 0.46333665
1548650955 0.46798933
1548650955 0.47263032
1548650955 0.47697178
1548650955 0.48109633
1548650955 0.48520684
1548650955 0.570092
1548650955 -205.45179354965447
1548650955 0.3208518
1548650955 0.32529768
1548650955 0.32367003
1548650955 0.33543754
1548650955 0.3405067
1548650955 0.34714642
1548650955 0.3381177
1548650955 0.35371014
1548650955 0.3543362
1548650956 0.36329037
1548650956 0.36636347
1548650956 0.3827504
1548650956 0.3837451
1548650956 0.3744158
1548650956 0.3769456
1548650956 0.37612733
1548650956 0.3789931
1548650956 0.3827763
1548650956 0.3865591
1548650956 0.39036018
1548650956 0.3941885
1548650956 0.3980162
1548650956 0.40171543
1548650956 0.4047907
1548650956 0.41175845
1548650956 0.4205642
1548650956 0.42522255
1548650957 0.43337998
1548650957 0.44155407
1548650957 0.4490352
1548650957 0.453425
1548650957 0.4568689
1548650957 0.45824713
1548650957 0.46164328
1548650957 0.46466914
1548650957 0.4676896
1548650957 0.47106013
1548650957 0.4769169
1548650957 0.48488244
1548650957 0.4928441
1548650957 0.4976294
1548650957 0.5012371
1548650957 0.50482327
1548650957 0.508388
1548650957 0.5119315
1548650957 0.5154533
1548650958 0.518954
1548650958 0.52243334
1548650958 0.5258914
1548650958 0.52932835
1548650958 0.532744
1548650958 0.5361384
1548650958 0.5395118
1548650958 0.5428641
1548650958 0.5461953
1548650958 0.5494323
1548650958 0.55248266
1548650958 0.5957666
1548650958 0.5637455
1548650958 -182.22964582346862
1548650958 0.028410666
1548650958 0.034155104
1548650958 0.05267795
1548650958 0.032707922
1548650959 0.03831278
1548650959 0.049605627
1548650959 0.042933084
1548650959 0.06557356
1548650959 0.11942641
1548650959 0.11104072
1548650959 0.1237608
1548650959 0.13179508
1548650959 0.111104846
1548650959 0.07721211
1548650959 0.09135715
1548650959 0.063992366
