1548650944 0.057481688
1548650945 -0.021169147
1548650945 -0.08641438
1548650945 -0.15949124
1548650945 -0.23832765
1548650945 -0.3199026
1548650945 -0.39990526
1548650945 -0.48267192
1548650945 -0.07890654
1548650945 -0.46238685
1548650945 -0.060073953
1548650945 -0.07317009
1548650945 -0.083802484
1548650945 -0.08852525
1548650945 -0.09864438
1548650945 -0.019759411
1548650945 -0.1067224
1548650945 -0.110425234
1548650945 -0.111802675
1548650945 -0.11323013
1548650945 0.13032211
1548650946 -0.11797599
1548650946 -0.12028043
1548650946 -0.11700122
1548650946 -0.116819195
1548650946 -0.11884505
1548650946 -0.12178791
1548650946 -0.120820284
1548650946 0.40175986
1548650946 -0.1270621
1548650946 -0.12641811
1548650946 -0.12988342
1548650946 -0.13084729
1548650946 -0.14207815
1548650946 -0.14500543
1548650946 -0.14741652
1548650946 -0.14390777
1548650946 -0.14585619
1548650946 -0.14754164
1548650946 0.2145275
1548650946 0.18723756
1548650947 -0.15603137
1548650947 0.17152542
1548650947 -0.16084312
1548650947 0.19798914
1548650947 -0.16534767
1548650947 -0.1667225
1548650947 -0.16777943
1548650947 -0.17520994
1548650947 -0.17790577
1548650947 -0.18030694
1548650947 -3.7419337e-05
1548650947 -0.18618219
1548650947 -0.18805307
1548650947 -0.025152946
1548650947 -0.19419022
1548650947 -0.19723544
1548650947 -0.19952329
1548650947 -0.20176372
1548650947 -0.20401935
1548650947 -0.20633082
1548650947 -0.20905289
1548650948 -0.21230026
1548650948 -0.15958536
1548650948 -0.21913329
1548650948 -0.22244605
1548650948 -0.22581048
1548650948 -0.22876008
1548650948 -0.22818193
1548650948 -0.23088695
1548650948 -0.23394322
1548650948 -0.2368517
1548650948 -0.23943827
1548650948 -0.24211867
1548650948 -0.24484533
1548650948 -0.24761507
1548650948 -0.25035968
1548650948 -0.25313595
1548650948 -0.2557101
1548650948 -0.25817466
1548650948 -0.15147978
1548650949 -0.26374918
1548650949 -0.2660215
1548650949 -0.2685656
1548650949 -0.2671963
1548650949 -0.2696475
1548650949 -0.17596176
1548650949 -0.15615976
1548650949 -0.2776016
1548650949 -0.279925
1548650949 -0.28259757
1548650949 -0.15863769
1548650949 -0.28798738
1548650949 -0.07800423
1548650949 -0.29309568
1548650949 -0.29982686
1548650949 -0.302451
1548650949 -0.30489942
1548650949 -0.30734974
1548650949 -0.31384507
1548650949 -0.31619853
1548650950 -0.3184755
1548650950 -0.32137123
1548650950 -0.32406405
1548650950 -0.3265185
1548650950 -0.33343375
1548650950 -0.33669192
1548650950 -0.3399302
1548650950 -0.34335434
1548650950 -0.34620577
1548650950 -0.35439786
1548650950 -0.363825
1548650950 -0.36790064
1548650950 -0.37217203
1548650950 -0.37254614
1548650950 -0.37641668
1548650950 -0.3804191
1548650950 -0.3839667
1548650950 -0.38797942
1548650950 -0.39176017
1548650950 -0.39577657
1548650951 -0.399715
1548650951 -0.40404102
1548650951 -0.40815595
1548650951 -0.41235214
1548650951 -0.41635597
1548650951 -0.41644904
1548650951 -0.42494288
1548650951 -0.4292145
1548650951 2.2673254
1548650951 0.06271757
1548650951 2.1371977
1548650951 2.074238
1548650951 1.7982446
1548650951 0.06770477
1548650951 -1.0218619
1548650951 -2.0192478
1548650952 -2.4114327
1548650952 -2.5400743
1548650952 -2.5689077
1548650952 -2.5555847
1548650952 -2.520347
1548650952 -2.4719336
1548650952 -2.4173079
1548650952 -2.3588874
1548650952 -2.2976532
1548650952 -2.2347171
1548650952 -2.1706007
1548650952 -2.1056826
1548650952 -2.043157
1548650952 -1.9820267
1548650952 0.15937124
1548650952 -2.009549
1548650952 0.15401687
1548650952 -2.0553834
1548650952 -1.9916413
1548650953 -1.9276474
1548650953 -1.862197
1548650953 -1.7938106
1548650953 -1.7252883
1548650953 -1.6566544
1548650953 -1.587915
1548650953 -1.5190839
1548650953 -1.4519248
1548650953 -1.3885634
1548650953 -1.3251456
1548650953 -1.2616869
1548650953 -1.1981746
1548650953 -1.1346418
1548650953 -1.0693737
1548650953 -1.0021437
1548650953 -0.9339506
1548650953 -0.86091775
1548650953 -0.79022664
1548650953 0.31046158
1548650954 -0.48866153
1548650954 -0.41852272
1548650954 -0.35100576
1548650954 -0.28343737
1548650954 -0.21591793
1548650954 -0.1483898
1548650954 -0.080764346
1548650954 0.3925314
1548650954 -0.1287086
1548650954 0.409752
1548650954 0.21729922
1548650954 0.27979404
1548650954 0.34221092
1548650954 0.40448248
1548650954 0.4665581
1548650954 0.5282754
1548650954 0.5896715
1548650954 0.65064377
1548650954 0.7110297
1548650955 0.770586
1548650955 0.82888746
1548650955 0.88578266
1548650955 0.93989486
1548650955 0.9873869
1548650955 1.0206238
1548650955 1.0184414
1548650955 0.8989851
1548650955 0.48520684
1548650955 -284.90662
1548650955 0.26945627
1548650955 0.2877716
1548650955 0.3035902
1548650955 0.32085213
1548650955 -0.17545158
1548650955 0.3365467
1548650955 0.34714642
1548650955 0.3381177
1548650956 0.1514734
1548650956 0.16473915
1548650956 0.35498723
1548650956 0.36454132
1548650956 0.36677614
1548650956 0.3727069
1548650956 0.3693418
1548650956 -1.1772059
1548650956 -1.1517675
1548650956 -1.123867
1548650956 -1.0944439
1548650956 -1.0637416
1548650956 -1.0318918
1548650956 -0.9990957
1548650956 -0.96556014
1548650956 -0.9319677
1548650956 -0.8859507
1548650956 -0.9100243
1548650956 0.4205642
1548650957 -0.542641
1548650957 -0.5042894
1548650957 -0.46699104
1548650957 -0.43314946
1548650957 -0.4010587
1548650957 0.4568689
1548650957 -0.098601945
1548650957 -0.07215517
1548650957 -0.048111737
1548650957 -0.02665837
1548650957 -0.0064881914
1548650957 0.011335141
1548650957 0.024018899
1548650957 0.027658463
1548650957 0.022822069
1548650957 0.00899297
1548650957 -0.015704047
1548650957 -0.053505734
1548650957 -0.10709412
1548650958 -0.17975911
1548650958 -0.27530712
1548650958 -0.39813808
1548650958 -0.5531409
1548650958 -0.7453551
1548650958 -0.97959256
1548650958 -1.2594231
1548650958 -1.586196
1548650958 -1.9577274
1548650958 -2.3674686
1548650958 -2.8044546
1548650958 6.7820745
1548650958 3.229215
1548650958 -264.00668
1548650958 0.024829058
1548650958 -1.5527376
1548650958 -1.5421069
1548650958 0.039955266
1548650959 -1.6566762
1548650959 -1.6481274
1548650959 0.043966074
1548650959 -1.5544119
1548650959 0.03341715
1548650959 0.041736126
1548650959 0.02773231
1548650959 0.017699948
1548650959 0.01505643
1548650959 9.164213e-06
1548650959 -0.019475134
