1548650944 -0.20621645
1548650945 -0.19529109
1548650945 -0.18199095
1548650945 -0.16853973
1548650945 -0.15493673
1548650945 -0.14118579
1548650945 -0.12704518
1548650945 -0.11357994
1548650945 -0.10034771
1548650945 -0.07185563
1548650945 -2.3846035
1548650945 -2.3412583
1548650945 -2.300218
1548650945 -0.5255469
1548650945 -2.935458
1548650945 -0.114479505
1548650945 -2.1822848
1548650945 -2.612143
1548650945 -2.1321938
1548650945 -3.0296266
1548650945 -0.12403404
1548650946 -1.7673154
1548650946 -0.11095176
1548650946 -3.3647952
1548650946 -1.4616346
1548650946 -0.3907337
1548650946 -4.1340823
1548650946 -0.8982891
1548650946 -0.10603151
1548650946 -3.8807194
1548650946 0.2619057
1548650946 -2.3528466
1548650946 -0.11078284
1548650946 -0.014091479
1548650946 -1.4285843
1548650946 -0.12698866
1548650946 -1.2279999
1548650946 -1.8811456
1548650946 -2.2551425
1548650946 -0.17197827
1548650946 -0.16030182
1548650947 -3.2186968
1548650947 -0.16308422
1548650947 -3.5251925
1548650947 -0.15074344
1548650947 -3.9416282
1548650947 -4.5076513
1548650947 -0.14896467
1548650947 -1.7747873
1548650947 -2.4479287
1548650947 -2.8662443
1548650947 -0.18774614
1548650947 -4.1890574
1548650947 -2.252752
1548650947 -0.19264264
1548650947 -1.5823644
1548650947 -3.335715
1548650947 -3.0838838
1548650947 -3.377226
1548650947 -3.667245
1548650947 -2.6857781
1548650948 -1.453669
1548650948 -1.9522024
1548650948 -0.21631688
1548650948 -2.2707145
1548650948 -2.163858
1548650948 -5.152305
1548650948 -0.22578786
1548650948 -4.612616
1548650948 -1.9976723
1548650948 -3.5125875
1548650948 -5.504295
1548650948 -4.307414
1548650948 -3.9882123
1548650948 -4.4656596
1548650948 -4.8366733
1548650948 -3.818893
1548650948 -4.6750283
1548650948 -5.250105
1548650948 -4.165593
1548650948 -0.26161182
1548650949 -6.469868
1548650949 -4.272757
1548650949 -0.28152063
1548650949 -1.8605673
1548650949 -4.349963
1548650949 -0.29089534
1548650949 -0.28216463
1548650949 -4.1935973
1548650949 -1.2668407
1548650949 -2.928149
1548650949 -0.27848935
1548650949 -3.6596403
1548650949 -0.26225868
1548650949 -0.2534741
1548650949 -3.9814985
1548650949 -4.4625607
1548650949 -4.241628
1548650949 -0.25673524
1548650949 -6.2946086
1548650949 -6.2363114
1548650950 -2.045434
1548650950 -4.2234197
1548650950 -4.993634
1548650950 -0.30221626
1548650950 -2.6141546
1548650950 -3.5024972
1548650950 -2.4916346
1548650950 -6.788298
1548650950 -0.33593857
1548650950 -0.3389195
1548650950 -5.5644207
1548650950 -3.975247
1548650950 -0.34695494
1548650950 -3.4805548
1548650950 -2.8299851
1548650950 -6.8109746
1548650950 -2.6953173
1548650950 -5.8060966
1548650950 -4.064506
1548650950 -5.121211
1548650951 -2.5844648
1548650951 -4.765871
1548650951 -3.6677747
1548650951 -5.5621853
1548650951 -0.3761097
1548650951 -0.35523227
1548650951 -3.3382943
1548650951 -529.477
1548650951 -0.23567367
1548650951 -0.22384186
1548650951 -0.22577715
1548650951 -0.21275829
1548650951 -0.19958289
1548650951 -0.1862379
1548650951 -0.1852751
1548650951 -0.171235
1548650952 -0.15703996
1548650952 -0.14268203
1548650952 -0.12816848
1548650952 -0.11350439
1548650952 -0.098694935
1548650952 -0.08559684
1548650952 -0.07456036
1548650952 -0.063449524
1548650952 -0.05226671
1548650952 -0.04105043
1548650952 -0.02977672
1548650952 -0.018439481
1548650952 -0.007041702
1548650952 0.014116943
1548650952 0.03815313
1548650952 0.037293088
1548650952 0.059089284
1548650952 0.053056527
1548650952 0.069686376
1548650953 0.086132474
1548650953 0.10253343
1548650953 0.11411068
1548650953 0.11545358
1548650953 0.11671333
1548650953 0.11788981
1548650953 0.118983045
1548650953 0.11999324
1548650953 0.11780386
1548650953 0.10856055
1548650953 0.09913728
1548650953 0.08953475
1548650953 0.07975379
1548650953 0.069795445
1548650953 0.06526902
1548650953 0.061812535
1548650953 0.0573281
1548650953 0.043764845
1548650953 0.03314666
1548650954 0.027827697
1548650954 0.012238009
1548650954 -0.003069294
1548650954 -0.017801264
1548650954 -0.03269466
1548650954 -0.04774265
1548650954 -0.062937476
1548650954 -0.07701366
1548650954 -0.096622474
1548650954 -0.11067905
1548650954 -0.11715971
1548650954 -0.13250421
1548650954 -0.15064508
1548650954 -0.16888721
1548650954 -0.18721548
1548650954 -0.20561358
1548650954 -0.22990316
1548650954 -0.25597176
1548650954 -0.28195322
1548650955 -0.307803
1548650955 -0.33347663
1548650955 -0.35892993
1548650955 -0.3818038
1548650955 -0.40204516
1548650955 -0.42209545
1548650955 -0.4398559
1548650955 -0.45598248
1548650955 -0.4719528
1548650955 -0.38830614
1548650955 -0.033088665
1548650955 -0.028595783
1548650955 -0.021496395
1548650955 -0.018100638
1548650955 -0.011944685
1548650955 0.0096620135
1548650955 3.3114898
1548650955 0.0050438065
1548650956 0.010750251
1548650956 0.033233393
1548650956 0.055836353
1548650956 0.066625185
1548650956 0.08974182
1548650956 0.10057743
1548650956 0.10610164
1548650956 0.099476814
1548650956 0.11746898
1548650956 0.13386624
1548650956 0.1498627
1548650956 0.16583921
1548650956 0.18108235
1548650956 0.19523625
1548650956 0.2093514
1548650956 0.2222054
1548650956 0.21821772
1548650956 0.20385799
1548650956 0.18665808
1548650957 0.17509004
1548650957 0.15887576
1548650957 0.14227532
1548650957 0.12494611
1548650957 0.10568962
1548650957 0.0873558
1548650957 0.06883863
1548650957 0.049774345
1548650957 0.030898077
1548650957 0.011716067
1548650957 -0.0074644187
1548650957 -0.025676489
1548650957 -0.046753284
1548650957 -0.06807616
1548650957 -0.0928099
1548650957 -0.11912773
1548650957 -0.14564376
1548650957 -0.17231397
1548650958 -0.19909142
1548650958 -0.2259286
1548650958 -0.2527758
1548650958 -0.27958292
1548650958 -0.30629876
1548650958 -0.33287185
1548650958 -0.35925123
1548650958 -0.3853859
1548650958 -0.41122606
1548650958 -0.43672353
1548650958 -0.46183124
1548650958 -0.48581377
1548650958 -0.5078273
1548650958 -0.27756125
1548650958 -0.2940947
1548650958 0.036952917
1548650958 0.010761679
1548650958 0.031750962
1548650959 3.1750274
1548650959 0.007457631
1548650959 0.028526386
1548650959 1.2210537
1548650959 0.042933084
1548650959 0.06557356
1548650959 1.9124899
1548650959 -0.21374828
1548650959 -0.7129572
1548650959 2.3815823
1548650959 2.4056127
1548650959 -0.9137686
