1548650944 -0.20008922
1548650945 -0.19513954
1548650945 -0.1925527
1548650945 -0.19000074
1548650945 -0.1874659
1548650945 -0.18494944
1548650945 -0.18040493
1548650945 -0.17229357
1548650945 -0.16440667
1548650945 -0.13211066
1548650945 -0.123767644
1548650945 -0.14132147
1548650945 -0.15798196
1548650945 -0.16281807
1548650945 -0.18656677
1548650945 -0.20332119
1548650945 -0.1985854
1548650945 -0.20403625
1548650945 -0.20455237
1548650945 -0.21362278
1548650945 -0.22743411
1548650946 -0.22422189
1548650946 -0.22791237
1548650946 -0.20621625
1548650946 -0.21246184
1548650946 -0.21271493
1548650946 -0.21786448
1548650946 -0.2256421
1548650946 -0.23075597
1548650946 -0.2269146
1548650946 -0.23028691
1548650946 -0.23814891
1548650946 -0.60793924
1548650946 -0.2582576
1548650946 -0.26712108
1548650946 -0.27646646
1548650946 -0.25063396
1548650946 -0.26635414
1548650946 -0.28488547
1548650946 -0.30339608
1548650946 -0.3006675
1548650947 -0.29860404
1548650947 -0.30941263
1548650947 -0.3074008
1548650947 -0.30911106
1548650947 -0.30705804
1548650947 -0.31361258
1548650947 -0.64543027
1548650947 -0.3314828
1548650947 -0.34256816
1548650947 -0.34527984
1548650947 -0.36324835
1548650947 -0.36197641
1548650947 -0.3649619
1548650947 -0.3795619
1548650947 -0.37848803
1548650947 -0.3850726
1548650947 -0.38435417
1548650947 -0.38248166
1548650947 -0.38991117
1548650947 -0.39830616
1548650948 -0.41217053
1548650948 -0.42257282
1548650948 -0.43408
1548650948 -0.4333274
1548650948 -0.44316164
1548650948 -0.45006993
1548650948 -0.4594038
1548650948 -0.44093564
1548650948 -0.44614667
1548650948 -0.45609936
1548650948 -0.4536215
1548650948 -0.46087232
1548650948 -0.4637764
1548650948 -0.475083
1548650948 -0.4862941
1548650948 -0.49030533
1548650948 -0.49035653
1548650948 -0.49002412
1548650948 -0.49928263
1548650948 -0.5053863
1548650949 -0.50428134
1548650949 -0.5081589
1548650949 -0.52384675
1548650949 -0.5056201
1548650949 -0.51330405
1548650949 -0.52764493
1548650949 -0.52642226
1548650949 -0.525225
1548650949 -0.52514803
1548650949 -0.53263026
1548650949 -0.5353782
1548650949 -0.53426856
1548650949 -0.5316676
1548650949 -0.927605
1548650949 -0.54472345
1548650949 -0.5456282
1548650949 -0.551318
1548650949 -0.94159216
1548650949 -0.5629936
1548650949 -0.56911093
1548650950 -0.57542723
1548650950 -0.58567226
1548650950 -0.5869508
1548650950 -1.2495264
1548650950 -0.6065306
1548650950 -0.6155146
1548650950 -0.620803
1548650950 -0.62979513
1548650950 -1.7480288
1548650950 -2.138625
1548650950 -0.6661997
1548650950 -0.6705135
1548650950 -0.67505187
1548650950 -0.662253
1548650950 -0.66751015
1548650950 -0.67475796
1548650950 -0.67782176
1548650950 -0.68644565
1548650950 -0.6965461
1548650950 -0.6984418
1548650951 -0.7088222
1548650951 -0.7157903
1548650951 -0.7157548
1548650951 -0.7208402
1548650951 -0.72272974
1548650951 -2.0510447
1548650951 -0.7248967
1548650951 -0.7322486
1548650951 -0.05036347
1548650951 1.889587
1548650951 -0.055106223
1548650951 -0.043087553
1548650951 -0.031087976
1548650951 -0.33888292
1548650951 -0.031907935
1548650951 -0.020093752
1548650952 -0.008301491
1548650952 0.003485047
1548650952 0.015258022
1548650952 0.02701389
1548650952 0.03874967
1548650952 0.050206963
1548650952 0.062096916
1548650952 0.07394858
1548650952 0.085759
1548650952 0.09615115
1548650952 0.10615442
1548650952 0.11609633
1548650952 0.1259753
1548650952 0.14114009
1548650952 -2.1810217
1548650952 0.14943995
1548650952 -2.38531
1548650952 0.14225022
1548650952 0.14739577
1548650953 0.15170896
1548650953 0.15586743
1548650953 0.1600372
1548650953 0.16440769
1548650953 0.16862586
1548650953 0.17269224
1548650953 0.17660697
1548650953 0.18037066
1548650953 0.17812823
1548650953 0.16260865
1548650953 0.14671367
1548650953 0.13044667
1548650953 0.11381191
1548650953 0.0968148
1548650953 0.08114217
1548650953 0.06647355
1548650953 0.05104386
1548650953 0.03162971
1548650953 0.010158136
1548650954 0.01595395
1548650954 -0.0057711927
1548650954 -0.027871711
1548650954 -0.051677916
1548650954 -0.075770065
1548650954 -0.10011707
1548650954 -0.124685474
1548650954 -0.4688496
1548650954 -0.206163
1548650954 -0.23016848
1548650954 -0.21519285
1548650954 -0.238255
1548650954 -0.26076633
1548650954 -0.2832791
1548650954 -0.30576178
1548650954 -0.3281815
1548650954 -0.35264507
1548650954 -0.37760016
1548650954 -0.40228254
1548650955 -0.42665148
1548650955 -0.45066756
1548650955 -0.4742926
1548650955 -0.49687743
1548650955 -0.51840216
1548650955 -0.5394984
1548650955 -0.5571119
1548650955 -0.5722855
1548650955 -0.58720356
1548650955 -0.46386853
1548650955 0.15979482
1548650955 0.09343213
1548650955 0.60009074
1548650955 0.6709565
1548650955 0.32411262
1548650955 0.59498197
1548650955 0.34443346
1548650955 1.0560702
1548650956 0.3301777
1548650956 0.3468344
1548650956 0.9529344
1548650956 0.3663396
1548650956 0.13455787
1548650956 -0.31474465
1548650956 -0.5464856
1548650956 0.34923595
1548650956 0.3565786
1548650956 0.3608766
1548650956 0.36431444
1548650956 0.3676034
1548650956 0.37011653
1548650956 0.37153673
1548650956 0.3728036
1548650956 0.37253305
1548650956 0.35506815
1548650956 0.33753222
1548650956 0.3156045
1548650957 0.3068121
1548650957 0.2864163
1548650957 0.2654268
1548650957 0.24345122
1548650957 0.21910399
1548650957 0.19341339
1548650957 0.18172951
1548650957 0.15581718
1548650957 0.12901767
1548650957 0.10162552
1548650957 0.07385659
1548650957 0.048453726
1548650957 0.025971157
1548650957 0.0031669629
1548650957 -0.020304449
1548650957 -0.04506344
1548650957 -0.07008466
1548650957 -0.09533374
1548650957 -0.120774984
1548650958 -0.14637071
1548650958 -0.17208113
1548650958 -0.1978657
1548650958 -0.22368236
1548650958 -0.24948773
1548650958 -0.2752383
1548650958 -0.30088985
1548650958 -0.32639837
1548650958 -0.3517195
1548650958 -0.37680972
1548650958 -0.4002458
1548650958 -0.42033586
1548650958 -0.24181893
1548650958 -0.21498297
1548650958 -2.353901
1548650958 -5.8539204e-05
1548650958 0.00945291
1548650958 0.018771721
1548650959 -0.024312649
1548650959 -0.015122355
1548650959 -0.006047011
1548650959 -0.02298169
1548650959 -0.012843483
1548650959 0.02950777
1548650959 0.015037757
1548650959 0.013503416
1548650959 0.016518824
1548650959 -0.013986091
1548650959 -0.047699656
