1548650944 -0.39919233
1548650945 -0.3917049
1548650945 -0.3852063
1548650945 -0.37862414
1548650945 -0.3719409
1548650945 -0.365157
1548650945 -0.359496
1548650945 -0.35681793
1548650945 0.47418213
1548650945 -0.33423826
1548650945 -0.33149302
1548650945 -0.333193
1548650945 -0.3364644
1548650945 -0.3342824
1548650945 -0.35021386
1548650945 -0.3603709
1548650945 -0.35474703
1548650945 -0.35588023
1548650945 -0.3537514
1548650945 -0.36297444
1548650945 -0.37824768
1548650946 -0.37203744
1548650946 1.1326007
1548650946 -0.34968218
1548650946 -0.35586807
1548650946 -0.3547983
1548650946 -0.36031526
1548650946 -0.36863732
1548650946 -0.37425214
1548650946 -0.36832136
1548650946 -0.37117732
1548650946 -0.38070324
1548650946 -0.38718492
1548650946 -0.39915535
1548650946 -0.4082626
1548650946 1.3336257
1548650946 -0.39038715
1548650946 -0.4093243
1548650946 -0.4314671
1548650946 -0.45317975
1548650946 -0.44794738
1548650947 -0.4429744
1548650947 -0.45497215
1548650947 -0.4500621
1548650947 -0.4505514
1548650947 -0.4456843
1548650947 -0.4525505
1548650947 -0.45515862
1548650947 -0.46631375
1548650947 -0.47814217
1548650947 -0.47944927
1548650947 -0.49990788
1548650947 -0.49544096
1548650947 -0.49695158
1548650947 -0.51221955
1548650947 -0.50785524
1548650947 -0.5129769
1548650947 -0.50960827
1548650947 -0.50497663
1548650947 -0.5119316
1548650947 -0.52031887
1548650948 -0.534784
1548650948 -0.54465467
1548650948 -0.5557289
1548650948 -0.551808
1548650948 -0.56068766
1548650948 -0.56594133
1548650948 0.59676063
1548650948 -0.55697125
1548650948 -0.5620626
1548650948 -0.5714267
1548650948 -0.56742495
1548650948 -0.5752514
1548650948 -0.57789
1548650948 -0.58976847
1548650948 -0.60154504
1548650948 -0.6055479
1548650948 -0.6050194
1548650948 -0.6045473
1548650948 -0.61485225
1548650948 -0.6213558
1548650949 -0.61882955
1548650949 -0.62379
1548650949 0.5694569
1548650949 -0.6251894
1548650949 -0.6330883
1548650949 -0.6486321
1548650949 -0.6463703
1548650949 -0.64406097
1548650949 -0.64423704
1548650949 -0.6514396
1548650949 -0.65410537
1548650949 -0.6518613
1548650949 -0.64918524
1548650949 -0.6469592
1548650949 -0.6563677
1548650949 -0.65710485
1548650949 -0.6632525
1548650949 -0.6624225
1548650949 -0.67050284
1548650949 -0.6775707
1548650950 -0.6849374
1548650950 -0.69494355
1548650950 -0.69624543
1548650950 -0.7036781
1548650950 -0.7117886
1548650950 -0.72011954
1548650950 -0.7248239
1548650950 -0.7329126
1548650950 -0.73729974
1548650950 -0.7466028
1548650950 -0.75738114
1548650950 -0.7606211
1548650950 -0.20683497
1548650950 -0.7524861
1548650950 -0.7565774
1548650950 -0.76246953
1548650950 -0.7651213
1548650950 -0.7724017
1548650950 -0.78173697
1548650950 -0.78250325
1548650951 -0.7918671
1548650951 -0.7972194
1548650951 -0.7961362
1548650951 -0.7998981
1548650951 -0.30170637
1548650951 -0.7912704
1548650951 -0.79986084
1548650951 -0.80578077
1548650951 -0.3486744
1548650951 -0.34417605
1548650951 -0.35894588
1548650951 -0.35444394
1548650951 -0.34987965
1548650951 -0.3452353
1548650951 -0.35731888
1548650951 -0.35278985
1548650952 -0.348196
1548650952 -0.34352243
1548650952 -0.33877197
1548650952 -0.3339443
1548650952 -0.32903904
1548650952 -0.32485637
1548650952 -0.32170188
1548650952 -0.31849667
1548650952 -0.3152405
1548650952 -0.31107774
1548650952 -0.30664158
1548650952 -0.30213553
1548650952 -0.29755956
1548650952 -0.2900173
1548650952 -0.28948215
1548650952 -0.29949751
1548650952 -0.3037202
1548650952 -0.31825343
1548650952 -0.32906464
1548650953 -0.34094676
1548650953 -0.35278913
1548650953 -0.36559647
1548650953 -0.3804685
1548650953 -0.39522946
1548650953 -0.40987104
1548650953 -0.4243851
1548650953 -0.43876386
1548650953 -0.45634332
1548650953 -0.4809163
1548650953 -0.50490785
1548650953 -0.5282906
1548650953 -0.5510404
1548650953 -0.57313627
1548650953 -0.5883598
1548650953 -0.6048472
1548650953 -0.62150085
1548650953 -0.6424527
1548650953 -0.43565956
1548650954 -0.69362336
1548650954 -0.71585476
1548650954 -0.7359861
1548650954 -0.7544582
1548650954 -0.77194256
1548650954 -0.7884584
1548650954 -0.80402815
1548650954 -0.81924075
1548650954 -0.83216214
1548650954 0.35598636
1548650954 -0.8614552
1548650954 -0.87335944
1548650954 -0.88463575
1548650954 -0.8950456
1548650954 -0.9046378
1548650954 -0.9134612
1548650954 -0.92015755
1548650954 -0.9259903
1548650954 -0.931444
1548650955 -0.9365383
1548650955 -0.94129276
1548650955 -0.9457263
1548650955 -0.9494054
1548650955 -0.9524087
1548650955 -0.9552489
1548650955 -0.9577937
1548650955 -0.96011025
1548650955 10.745111
1548650955 -0.9536684
1548650955 -0.38483903
1548650955 -0.3791945
1548650955 -0.37555787
1548650955 -0.374159
1548650955 -0.3764823
1548650955 -0.38201752
1548650955 -0.38393018
1548650955 -0.37645653
1548650956 -0.376572
1548650956 -0.3817612
1548650956 -0.38694456
1548650956 -0.38827422
1548650956 -0.39331022
1548650956 -0.39705724
1548650956 -0.40578264
1548650956 -0.41339272
1548650956 -0.42011413
1548650956 -0.4312602
1548650956 -0.44344553
1548650956 -0.4555581
1548650956 -0.46753114
1548650956 -0.47933045
1548650956 -0.49104318
1548650956 -0.5031444
1548650956 -0.5218983
1548650956 -0.5476608
1548650956 -1.0835141
1548650957 -0.60219455
1548650957 -0.62344646
1548650957 -0.6440034
1548650957 -0.66386825
1548650957 -0.68308717
1548650957 -0.591895
1548650957 -0.72677094
1548650957 -0.74603593
1548650957 -0.7649865
1548650957 -0.7828843
1548650957 -0.7998904
1548650957 -0.815225
1548650957 -0.82680917
1548650957 -0.8378219
1548650957 -0.8484352
1548650957 -0.85839796
1548650957 -0.8678284
1548650957 -0.87674356
1548650958 -0.8851606
1548650958 -0.89309776
1548650958 -0.90057325
1548650958 -0.9076055
1548650958 -0.91421336
1548650958 -0.9204151
1548650958 -0.9262295
1548650958 -0.93167466
1548650958 -0.9367686
1548650958 -0.9415292
1548650958 -0.9459736
1548650958 -0.95005524
1548650958 -0.9537289
1548650958 -0.9389979
1548650958 -0.94519925
1548650958 -0.27351153
1548650958 -0.2954343
1548650958 -0.28674144
1548650959 -0.27797037
1548650959 -0.30159718
1548650959 -0.29280433
1548650959 -0.28389043
1548650959 -0.2854791
1548650959 -0.75364935
1548650959 -0.25585952
1548650959 -0.25447556
1548650959 -0.24705948
1548650959 -0.24028751
1548650959 -0.25426343
1548650959 -0.27018344
