1548652145 279.7745
1548652145 179.051
1548652145 498.91202
1548652145 1525.7463
1548652145 759.2317
1548652145 1388.3688
1548652146 144.16965
1548652146 401.85138
1548652146 1966.4149
1548652146 571.2466
1548652146 185.47331
1548652146 1511.4929
1548652146 484.5368
1548652147 410.85226
1548652147 145.19336
1548652147 349.34537
1548652147 2899.4368
1548652147 850.862
1548652147 308.59174
1548652147 274.79565
1548652147 71.06326
1548652147 282.09607
1548652148 247.12138
1548652148 240.87105
1548652148 312.12506
1548652148 685.27606
1548652148 2258.6946
1548652148 2866.839
1548652148 480.82233
