1548652145 -132.75331174226147
1548652145 -117.17527395596139
1548652145 -264.90974713480324
1548652145 -328.4677506737405
1548652145 -288.7267852834942
1548652145 -330.26384831020766
1548652146 -177.82556529151864
1548652146 -157.37365288578337
1548652146 -422.4996441854646
1548652146 -219.85854041469798
1548652146 -108.07799539840975
1548652146 -352.0730391129092
1548652146 -263.70563813328965
1548652147 -197.55768042431038
1548652147 -163.8121336697454
1548652147 -203.76346342669973
1548652147 -529.3727673517085
1548652147 -308.65089448093283
1548652147 -195.50204112401872
1548652147 -179.6161678426661
1548652147 -81.65091322157367
1548652147 -150.55640746930402
1548652148 -109.81220976808595
1548652148 -109.71929155483338
1548652148 -158.63597592083397
1548652148 -237.3495980693625
1548652148 -376.80245508783844
1548652148 -489.31389850961233
1548652148 -252.82765800176577
